1429034040,42.59720877,18.24998831
1428871620,42.67107901,18.28381987
1428181740,42.67102827,18.28384634
1435417140,42.6961722,18.3196066
1435068840,42.6961722,18.3196066
1434733620,42.6961722,18.3196066
1434624780,42.6961722,18.3196066
1464195300,44.98425701,12.78721921
1464125880,44.98465429,12.78715542
1464117960,44.98442468,12.78729241
1464037020,44.98434253,12.787231
1464036660,44.98438457,12.78725909
1464019980,44.98425817,12.7871932
1463991540,44.98452543,12.78723742
1463940780,44.98425817,12.7871932
1430868300,42.7877821,16.5919292
1428308460,42.7881276,16.5919636
1461515700,47.0943127,17.4981133
1452915240,47.0942735,17.4981115
1443127440,47.0941159,17.4979954
1462674420,42.3152664,20.0190116
1454039640,42.3152625,20.0190341
1463287620,42.79423908,18.22862824
1462640100,42.79423908,18.22862824
1462629120,42.79423908,18.22862824
1462554540,42.79423908,18.22862824
1462427880,42.79423908,18.22862824
1462427340,42.79423908,18.22862824
1462427100,42.79423908,18.22862824
1462381560,42.79423908,18.22862824
1446287580,48.8650523,25.9759479
1445692440,48.9208348,25.8822592
1444413120,49.1036051,27.4948264
1444392660,49.1772186,27.5187964
1444333440,49.1068634,27.4939011
1444331100,49.1074889,27.4940785
1444232100,48.1389856,29.0827311
1444132380,48.8650531,25.9759478
1444097400,48.8650534,25.9759466
1444085100,48.9210339,25.8825355
1444079460,48.8649417,25.9760652
1438146240,55.20925148,25.12717283
1437983580,55.20276708,25.11825618
1437765780,55.43901323,25.29905421
1437765660,55.43901323,25.29905421
1437765360,55.47688532,25.35027032
1432867080,55.25539616,25.21532304
1432780920,55.2528275,25.2166041
1462828500,44.9905726,12.8789485
1462904220,43.5966265,15.695833
1462903620,43.5946102,15.6964044
1462900080,43.5949985,15.6954832
1461890340,42.6011122,16.8964893
1461890220,42.6011122,16.8964893
1460331720,42.6011091,16.8964822
1460156280,42.6011094,16.8964827
1461771600,50.5047495,26.13358381
1461681960,39.81308914,21.42415467
1461274080,42.76099937,20.27405674
1461066660,42.18641336,18.94287307
1460853840,-77.5,-2
1460610120,42.5511,16.8892
1460496900,46.74345404,24.61399022
1460475060,50.46536909,26.17263111
1460295360,39.82778482,21.41708316
1459971960,43.50748283,29.6260246
1459871820,45.5538186,27.906158
1459804680,50.04811,26.40903004
1459804380,46.77043132,24.75984415
1459261440,44.15003438,13.97109126
1459189080,50.04811,26.40903004
1459002660,41.01666667,30.98333333
1457899800,31.2289,30.0581
1457290680,50.5047495,26.13358381
1457114160,43.95968216,26.33970568
1456924800,106.8358397,-6.21772061
1455596760,55.381342,24.202577
1455129060,43.55916627,26.05194185
1449512100,50.5766158,26.1196907
1448214780,46.6445618,29.0850748
1447737960,39.64373937,24.47834473
1447313940,55.3911,25.3622
1447222680,50.21075,26.31091
1447117380,43.52414157,29.63104512
1446709140,35.9333,31.95
1446523260,45.9636,28.4342
1446523140,45.9636,28.4342
1446477120,53.905556,12.630556
1446270240,46.6445618,29.0850748
1446165000,47.66707272,29.3515536
1446151440,47.77930685,29.92242359
1446137400,41.46316015,31.39546517
1446058380,47.97283,29.36857
1445976300,44.1,27.1333
1445890140,44.1,27.1333
1445887740,37.3438752,31.3284482
1445855520,73.1667,33.7
1445775240,35.8414285,32.02360581
1445647980,-99.13333333,19.43333333
1445530800,50.45,26.2131
1445457000,43.95968216,26.33970568
1444283280,50.63839,26.266941
1444066080,-71.3436,-29.9533
1443569640,50.56173763,26.10006533
1443448260,103.63738531,1.51097172
1442945940,39.88390434,21.41834374
1442944500,39.87361134,21.42187575
1442943840,40.4158,21.2703
1442756760,39.8167,21.4167
1442754720,-3.46428283,-19.24005253
1442612220,49.55245,27.15304
1442472540,-71.3436,-29.9533
1441833960,58.54,23.61
1441462260,48.48798402,27.47199918
1449159420,43.2199414,16.7818307
1462177560,50.1178791,26.44608606
1458238260,49.88928,26.31549
1458237900,50.12080108,26.45499892
1458237780,50.12080108,26.45499892
1458237600,50.12080108,26.45499892
1458237540,50.12074665,26.45489742
1458234180,50.1142,26.4258
1458233580,49.88928,26.31549
1458233460,49.88928,26.31549
1458200340,49.88928,26.31549
1458200280,49.88928,26.31549
1458169320,49.88928,26.31549
1458169260,49.88928,26.31549
1458144960,49.88928,26.31549
1458144900,49.88928,26.31549
1458144840,49.88928,26.31549
1458144780,49.88928,26.31549
1458144480,49.88928,26.31549
1457935140,49.88928,26.31549
1457801400,50.1092,26.44199
1457796420,50.1092,26.44199
1462303440,46.9125049,14.4480255
1430247060,43.1357291,17.33155269
1463912880,42.129614,19.119537
1463912880,42.129614,19.119537
1463841120,42.5072,18.2233
1463841000,42.33563312,18.31264801
1463840880,42.33563312,18.31264801
1463838240,42.33563312,18.31264801
1463838120,42.33563312,18.31264801
1463817540,42.18194835,18.94658741
1463690460,46.700233,22.2297867
1463224560,46.66381525,24.73523625
1462896300,46.75496135,24.74360807
1461404400,46.71813206,24.64526257
1461404040,46.71813206,24.64526257
1461403980,46.71813206,24.64526257
1461403740,46.71813206,24.64526257
1461403740,46.71813206,24.64526257
1461403680,46.71813206,24.64526257
1461402000,46.71813206,24.64526257
1461399480,46.71188092,24.63793818
1461399420,46.71188092,24.63793818
1461399360,46.71188092,24.63793818
1461399300,46.71188092,24.63793818
1461011760,46.7728,24.6408
1460804640,46.71188092,24.63793818
1460801640,46.71188092,24.63793818
1460801640,46.71188092,24.63793818
1460801580,46.71188092,24.63793818
1460801580,46.71188092,24.63793818
1460801520,46.71188092,24.63793818
1460801460,46.71188092,24.63793818
1460733120,46.72142385,24.67701831
1460733000,46.72142385,24.67701831
1460732940,46.72142385,24.67701831
1460732880,46.72142385,24.67701831
1460732580,46.72142385,24.67701831
1460732520,46.72142385,24.67701831
1460732460,46.72142385,24.67701831
1460197020,46.7142028,24.62988481
1460196960,46.7142028,24.62988481
1460196900,46.71217803,24.62987717
1460196900,46.71188092,24.63793818
1460196780,46.71188092,24.63793818
1460196720,46.71188092,24.63793818
1460196660,46.71188092,24.63793818
1460196600,46.71188092,24.63793818
1460196540,46.7728,24.6408
1460196480,46.7728,24.6408
1460196420,46.7728,24.6408
1460141340,46.7020493,24.7654705
1459956000,46.74516572,24.75703539
1458985800,47.41906577,25.09746379
1458861240,46.69310134,24.71061904
1458165480,46.74757486,24.84007441
1457983920,46.71009903,24.64673869
1457902260,46.59775243,24.73448862
1457162820,49.68584,25.4211
1457120880,49.58890031,25.37620891
1457120820,49.58890031,25.37620891
1457105640,49.5867,25.3783
1457105580,49.5867,25.3783
1457104500,49.5867,25.3783
1457104440,49.5867,25.3783
1457104380,49.5867,25.3783
1457104020,49.6029804,25.371563
1457103960,49.6029804,25.371563
1457103840,49.6029804,25.371563
1457103780,49.6029804,25.371563
1457103780,49.6029804,25.371563
1457103720,49.6029804,25.371563
1456572780,46.72142385,24.67701831
1456572360,46.72142385,24.67701831
1456572300,46.72142385,24.67701831
1456410900,46.74516572,24.75703539
1456348560,46.70634501,24.65145714
1456348440,46.70634501,24.65145714
1456348380,46.70634501,24.65145714
1456348380,46.70634501,24.65145714
1456348380,46.70634501,24.65145714
1456348320,46.70634501,24.65145714
1461247800,39.14928667,21.57644201
1461247620,39.1503032,21.5806312
1460537220,39.14928667,21.57644201
1460537040,39.14928667,21.57644201
1460536980,39.148352,21.582107
1462044180,46.9083393,14.4450431
1448587860,79.99500935,6.41311967
1448587740,79.99500935,6.41311967
1464037260,39.2346344,21.51719666
1463838480,40.00937586,21.99650729
1463767140,40.00993347,21.99668884
1463438040,40.2801728,20.1514278
1461963720,40.662049,20.5216192
1461123480,46.69888889,24.95777778
1461099360,39.15010803,21.67152098
1429353420,39.14393728,21.68760653
1429891620,49.30403913,25.13926419
1462249500,42.84808472,18.33996053
1462159740,42.84808472,18.33996053
1463939580,43.9502492,15.6596021
1463937480,43.90991667,15.6498614
1438861620,48.04242591,25.08778939
1436753280,47.95170891,25.23224148
1434250380,48.04241309,25.08796369
1433208420,48.0422996,25.08803037
1433030820,48.04269076,25.08891624
1432064520,47.26410644,24.12767654
1431258600,48.0426017,25.09010898
1431198000,48.04233824,25.08785435
1428683340,46.7893375,24.553736
1428595560,46.7893418,24.553742
1428177420,46.7893439,24.5537341
1428144600,46.7893741,24.5536844
1428015060,46.789373,24.5537004
1427887680,46.7893416,24.5537341
1463306700,46.833588,14.534483
1462439880,46.8105366,14.6659974
1462439520,46.8105575,14.6660388
1462421520,46.8104965,14.6658858
1462421400,46.8105054,14.6658903
1462342020,46.8334447,14.5344021
1462073880,46.8105072,14.6659111
1462073820,46.8564622,14.6793701
1461754800,46.8335297,14.5344212
1457550420,46.808413,14.6659964
1457549340,46.8084132,14.6659965
1457457720,46.8104558,14.6659118
1463944200,42.6004235,17.1267907
1459030500,42.6025829,17.1243062
1458969360,42.6025832,17.1243053
1458951000,42.6028297,17.1241306
1458758640,42.602583,17.1243042
1458426540,42.6025828,17.1243051
1458245400,42.6025846,17.1243054
1458176580,42.6025734,17.1248364
1458016260,42.5490994,16.9645632
1458015180,42.6026242,17.1242978
1457929440,42.6025837,17.1243054
1457928060,42.6025832,17.1243053
1457859720,42.6025863,17.1243054
1457844420,42.6025824,17.1243051
1457844060,42.6026035,17.124301
1457843760,42.6025824,17.1243051
1457842260,42.6025824,17.1243051
1457840460,42.6025829,17.1243045
1457747280,42.6025832,17.1243048
1457658540,42.6025842,17.1243054
1457473740,42.6025824,17.1243051
1457371560,42.6025842,17.1243054
1457371320,42.6025828,17.1243051
1456756740,42.57654,17.1103073
1456751160,42.57654,17.1103073
1456605960,42.6025882,17.1243102
1456526820,42.6025696,17.1242945
1456452840,42.6025884,17.1243114
1456333320,42.57654,17.1103073
1455861660,42.6025884,17.1243102
1455740340,42.623684,17.1222405
1455739140,42.6025892,17.1243115
1455641040,42.6025881,17.1243105
1455640860,42.602588,17.1243105
1455253560,42.6025877,17.1243104
1455149220,42.6025891,17.1243098
1455145260,42.6025885,17.12431
1455144240,42.6025897,17.1243107
1455144000,42.6025909,17.1243109
1455143940,42.6025888,17.1243105
1455143340,42.6025909,17.1243109
1455142980,42.6025903,17.1243098
1455141960,42.6025888,17.1243105
1455141480,42.6025889,17.1243106
1455141060,42.6025889,17.1243106
1455141000,42.6025889,17.1243106
1455140880,42.6025889,17.1243106
1455139920,42.6025906,17.1243104
1455139320,42.6025891,17.1243098
1455139080,42.6025889,17.1243106
1455138840,42.6025891,17.1243098
1455136920,42.6025888,17.1243105
1455128220,42.6025886,17.1243105
1455127020,42.6025903,17.1243098
1454922480,42.602588,17.1243104
1454868600,42.6025882,17.1243105
1454863980,42.602588,17.1243104
1454617800,42.602571,17.1243162
1454453700,42.6025721,17.1243164
1454453160,42.6025714,17.1243155
1454235300,42.6025706,17.1243164
1454170080,42.6025702,17.1243161
1454041560,42.6025009,17.1246689
1454040540,42.6024999,17.1246683
1454011020,42.6025007,17.1246696
1454005260,42.6025017,17.1246679
1454001900,42.601648,17.1288279
1453991460,42.601648,17.1288279
1453856940,42.6025019,17.124668
1453856340,42.6025013,17.1246699
1453855320,42.6025021,17.1246686
1453851540,42.6025013,17.1246689
1453851420,42.6025006,17.124668
1453851240,42.6025003,17.1246687
1453850580,42.6025024,17.1246693
1453668060,42.6025002,17.1246702
1453665360,42.6024999,17.1246687
1453663080,42.6024997,17.1246689
1453633980,42.6024995,17.1246686
1453581420,42.6024995,17.1246686
1453579800,42.6024997,17.1246689
1453578180,42.6024997,17.1246676
1453577820,42.6025009,17.1246689
1453522260,42.6025002,17.1246687
1453515000,42.6025013,17.1246689
1453513500,42.6025013,17.1246689
1453440540,42.6024994,17.1246686
1453392300,42.6025008,17.1246689
1453238700,42.6024999,17.1246683
1453052280,42.6024995,17.1246686
1452911820,42.6024997,17.1246687
1452751740,42.6024793,17.1245998
1452750060,42.6024772,17.1245809
1452738300,42.6025305,17.1246937
1452736800,42.6025294,17.1246942
1452683460,42.6025526,17.1246012
1452660300,42.6025632,17.124534
1452659820,42.6025475,17.1246313
1452458160,42.6025276,17.1246929
1452455220,42.6025283,17.1246946
1452191040,42.5786838,17.1121078
1452067620,42.6025759,17.1243406
1451868360,42.6024962,17.1244644
1451862900,42.6024966,17.1244707
1451856720,42.6024946,17.1245184
1451694660,42.6026331,17.1239277
1451689620,42.6026335,17.1239274
1451604900,42.6026331,17.1239281
1451552940,42.6025827,17.1242589
1451279220,42.6025821,17.1242994
1451271840,42.6025498,17.1245717
1451270940,42.6024975,17.1244664
1446834900,42.5785693,17.1120661
1443746820,42.6004002,17.1266127
1443645000,42.5765306,17.1105592
1443633480,42.5765178,17.110557
1443471960,42.5765178,17.110557
1443392160,42.576523,17.1105563
1443060720,42.6003868,17.1266237
1443052080,42.6018718,17.1298477
1442789640,42.5785229,17.1120826
1442789220,42.5785229,17.1120826
1442724000,42.6018713,17.1298544
1442073780,42.6355405,17.1506778
1441400100,42.5764841,17.1105277
1440598140,42.5993619,17.1209504
1440089100,42.5993596,17.1209502
1439830260,42.5394023,17.1105714
1439314500,42.5993493,17.1209715
1439252040,42.5993482,17.1209713
1439181120,42.6025489,17.124472
1439137380,42.5993487,17.1209712
1439136600,42.5993485,17.1209709
1438811640,42.5993487,17.1209713
1438810020,42.5993482,17.1209713
1438800120,42.5993487,17.1209713
1438469520,42.5992847,17.1209707
1437876600,42.6003767,17.1266235
1437875940,42.6018854,17.12987
1437873480,42.6003767,17.1266235
1437867300,42.6018854,17.12987
1437867120,42.6018854,17.12987
1437775800,42.6003767,17.1266235
1437767340,42.6018854,17.12987
1437764340,42.6003767,17.1266235
1437764100,42.6003767,17.1266235
1437712500,42.6004116,17.1270102
1437697740,42.6004116,17.1270102
1437694020,42.600376,17.1266212
1437690420,42.600376,17.1266212
1437679620,42.600376,17.1266212
1437677460,42.600376,17.1266212
1437518940,42.6003724,17.1266274
1437498900,42.6003724,17.1266274
1437186600,42.6004059,17.1270067
1437151680,42.6034558,17.1163868
1437027840,42.6003688,17.1266227
1437014460,42.6004031,17.1270086
1437007560,42.6003605,17.1266209
1437006720,42.6003605,17.1266209
1436926080,42.6003605,17.1266209
1436923620,42.6004031,17.1270086
1436910600,42.6003605,17.1266209
1434684660,42.600358,17.1266362
1434587700,42.600398,17.1270067
1434420540,42.6003605,17.1266404
1434337320,42.6003605,17.1266405
1434320160,42.5783463,17.1112361
1434093780,42.6003628,17.1266453
1434066420,42.5783627,17.1117374
1462563840,50.16981,25.78289
1461409980,49.1431446,14.5608227
1461326400,49.1431272,14.5608429
1454618520,49.1435883,14.5619061
1453931520,49.143622,14.5620392
1462888800,44.2531299,15.236206
1461997740,50.04026612,26.39404956
1463951460,43.7480968,15.0946883
1461566520,44.23555149,17.54346688
1458103500,46.7998927,24.7490208
1454094780,46.6952927,24.6436582
1444155660,46.7998868,24.7488698
1441475820,46.799974,24.7487682
1433521980,39.1641316,21.7639939
1433512080,39.104347,21.7045818
1433505900,39.1043596,21.7045768
1463719740,53.3607518,16.9778315
1457776440,58.5001767,22.7704453
1463895600,44.41986108,17.6170477
1463657280,44.21186009,17.56113079
1463651880,44.22191763,17.5424982
1463643480,44.22191763,17.5424982
1463566380,44.22397,17.54363
1463296500,44.21186009,17.56113079
1463257140,44.22066606,17.56487039
1463219700,44.22066606,17.56487039
1461660960,44.1728949,14.22789
1461526200,44.1824842,14.0987929
1444760160,46.7728,24.6408
1462849440,42.7322009,16.9219914
1448187060,39.14582307,21.67694326
1461974040,42.68795012,18.31056022
1463911020,44.234813,15.2811861
1463909640,44.2350336,15.2817147
1463497560,44.2360568,15.2818982
1462270980,44.2359506,15.2821013
1462000320,44.236951,15.2803247
1461847980,44.2365732,15.2816075
1461159540,44.2374447,15.2814324
1459354260,43.45941064,19.30981056
1451851860,43.44155643,19.33789224
1436960760,43.52208349,19.54119781
1436353200,43.52185994,19.5402134
1429365240,43.44180812,19.33806761
1429083120,46.55944389,24.64977703
1464007140,44.1702048,15.3667339
1441193640,44.1702462,15.3665585
1441168200,42.80108165,18.22377742
1450879200,42.48489025,18.22548741
1436721000,42.48488377,18.22562393
1461366660,42.5511,16.8892
1456876440,42.9119,16.58
1429447260,39.22878556,21.57892334
1463679180,44.9832078,12.7883744
1445584440,47.5130479,27.821521
1445113440,47.5132875,27.8221285
1445108040,47.5133447,27.8220937
1444726140,50.1255332,26.4501498
1444665180,46.7983629,24.7459616
1444470180,50.1256973,26.4502563
1441827000,47.5133712,27.82187
1441141740,46.6927899,24.6797881
1440085080,55.2037046,25.1157502
1439236680,47.5133952,27.8218812
1438978500,47.5132668,27.8220339
1452714360,44.3471563,17.5325976
1441061580,-4.1339036,50.3711486
1440583380,-4.1338426,50.3709382
1440432240,-4.133866,50.3709422
1440363780,-4.1338763,50.3711758
1440269460,-4.1332562,50.3714711
1439543700,42.5838724,16.9002346
1439077380,42.5800458,16.8927945
1438467840,42.5196847,18.2067623
1435202520,-4.1338126,50.370969
1434310440,-4.1338169,50.3709697
1432978380,-4.133858,50.3710105
1432935540,-4.1337845,50.3709675
1432455540,-4.1338647,50.3708362
1432118040,-4.1338896,50.3708607
1432117320,-4.1338731,50.3708957
1431086340,-4.1337534,50.3709023
1430898600,-4.1336798,50.3708611
1430733960,-4.1338278,50.3708853
1429643880,-4.1348136,50.3729682
1428875580,-4.1338273,50.3709858
1462618260,42.79423908,18.22862824
1462617960,42.79423908,18.22862824
1439692680,42.8084,18.22237
1439692620,42.8084,18.22237
1432812840,42.8084,18.22237
1431534720,42.8084,18.22237
1431914640,42.64163396,16.94091136
1461591000,40.8305041,20.2810575
1448665080,40.2747246,20.1471785
1435896120,40.2708954,20.1451394
1429441380,42.96360875,14.80565822
1429220400,46.67317534,24.71291414
1455650160,46.7728,24.6408
1444264620,42.6023443,16.9291822
1444212540,42.6025171,16.9302442
1441799520,42.6026549,16.9312953
1440210720,42.6245091,17.0200837
1439922900,42.6026017,16.9307954
1435423620,42.6029353,16.9311389
1464216240,44.1858427,15.3474826
1463573880,44.1858222,15.3474908
1463573880,44.1858222,15.3474908
1463573820,44.1858222,15.3474908
1463512800,44.1857704,15.3475153
1463333340,44.1858108,15.3474938
1463333340,44.1858211,15.3474774
1463333340,44.1857983,15.3474946
1463333280,44.1858305,15.3474792
1463333280,44.1858178,15.347475
1463332740,44.1857834,15.3474783
1463332680,44.1858205,15.3474815
1463316000,44.1857705,15.3474518
1463315880,44.1858094,15.347417
1463153460,44.1858322,15.3474353
1463151600,44.1857956,15.347512
1463151480,44.1857748,15.3475264
1463143740,44.1858174,15.3475176
1463143560,44.185811,15.3474521
1463142960,44.1857959,15.3474864
1463073480,44.1858437,15.3474164
1462990080,44.185562,15.3475824
1462974480,44.1858512,15.3474501
1429885800,-82.36765129,28.00173548
1429035900,42.82399102,21.2703201
1428448380,42.82434718,21.27009665
1428299820,42.79288656,21.2018714
1428848940,45.0331707,12.8146908
1428253200,45.0342846,12.8153112
1428249840,45.0342844,12.8153108
1428187440,45.0342845,12.8153113
1428183480,45.0342844,12.8153102
1428183300,45.0342845,12.8153115
1428178020,45.0341827,12.8151385
1428177840,45.0341827,12.8151383
1428160560,45.0342581,12.8152688
1428046620,45.0342859,12.8153114
1434555000,40.22531692,29.88903652
1434554880,40.22531692,29.88903652
1464022860,46.6924185,24.6991412
1463936400,46.6924185,24.6991412
1463320800,46.6922475,24.6993851
1427888640,44.8333828,26.3013137
1464230040,39.34317408,22.15862055
1462045320,39.34543353,22.15936266
1461583800,39.31779898,22.18518948
1461583680,39.31724366,22.17531478
1456932300,39.34753664,22.16050721
1456644180,39.29326299,22.17800242
1451737860,39.34536684,22.15973994
1451484960,39.54332997,21.68098726
1443158220,39.34524667,22.1595926
1442688660,39.34512011,22.15944575
1442208120,39.34716698,22.16013383
1439850720,39.33588858,22.15498579
1439546520,39.348284,22.16086023
1438035240,39.34646833,22.15994773
1435288920,39.60902562,24.47626186
1434640080,39.34733475,22.16043261
1432223760,39.34782605,22.16109467
1429552920,39.34470782,22.15924214
1429470300,39.40764968,22.05845526
1428831120,39.17189527,21.55880408
1428753540,39.37506362,22.08279941
1451051580,42.5072,18.2233
1443045480,42.5072,18.2233
1435642080,42.66627065,18.28366429
1461774240,42.36495818,18.28727
1462662540,39.70559433,24.46238848
1462403220,39.70579632,24.46253219
1428698340,42.2508949,18.7724655
1430278020,39.2139401,21.5897746
1428144960,39.2042622,21.5890156
1456802880,46.56569953,24.59063734
1444317240,50.32606546,26.18371845
1444316880,50.32606361,26.18372566
1442403480,49.55238,25.471253
1441609920,50.17337708,26.37319208
1441271400,50.15224832,26.39261363
1463654640,46.76171343,24.82188029
1463654580,46.76171343,24.82188029
1463654340,46.76171343,24.82188029
1463654280,46.76171343,24.82188029
1463654220,46.76171343,24.82188029
1463654160,46.76171343,24.82188029
1463654100,46.76171343,24.82188029
1461687300,42.18197926,18.94665295
1463905680,45.0443862,12.8458966
1463596440,42.35884156,18.2941788
1463133240,41.183983,19.4195247
1462530720,41.1839859,19.4195249
1461618420,41.1840272,19.4237569
1456493400,41.1872253,19.4105784
1444940760,41.1862785,19.417388
1444327200,41.1839797,19.4194836
1444104660,41.1837244,19.4143096
1444104660,41.1837244,19.4143096
1443782040,41.160216,19.425275
1443676080,41.2012991,19.4172069
1443572340,41.1846307,19.4203123
1443571920,41.1846307,19.4203123
1443571860,41.1846307,19.4203123
1443489840,41.185619,19.4175176
1440454020,41.0858553,19.1248956
1439112960,41.1875104,19.4097926
1438711140,40.9343103,19.6658211
1436908800,41.1875484,19.4098187
1435590120,41.181792,19.415426
1430000160,41.187253,19.4170385
1462312320,42.62349469,17.15219809
1462128240,42.6167,17.15
1461837840,42.6167,17.15
1461363480,42.6167,17.15
1461197580,42.6167,17.15
1460370840,42.6167,17.15
1459764900,42.7163595,16.9146061
1458490500,42.62349469,17.1521981
1451671140,42.6167,17.15
1451283120,42.62349874,17.1522042
1449104460,42.62349874,17.1522042
1448607060,42.75,17.0833
1448079420,42.63214,17.17125
1447459740,42.6167,17.15
1445908680,42.62349874,17.1522042
1444091160,42.6167,17.15
1443824160,42.6167,17.15
1443355200,42.6167,17.15
1442579220,42.63214,17.17125
1442436300,42.62349874,17.1522042
1442172360,42.63214,17.17125
1441825800,42.62349874,17.1522042
1441825740,42.63214,17.17125
1441825680,42.63214,17.17125
1441825620,42.63214,17.17125
1441825620,42.63214,17.17125
1435800120,42.63214,17.17125
1433963040,42.6366711,17.1606928
1433962380,42.63214,17.17125
1433855520,42.5511,16.8892
1433223420,42.5726608,16.8371417
1432935660,42.63214,17.17125
1430943180,42.63214,17.17125
1430538600,42.63214,17.17125
1429522320,42.63214,17.17125
1428571740,42.63214,17.17125
1461591360,42.67356664,16.92047966
1450366560,44.9820702,12.8683705
1463624820,40.9674407,20.7941601
1462809840,40.9674409,20.7942217
1461985020,41.4054,18.5969
1461984960,41.4248,18.5928
1461866040,42.5112638,18.2037537
1462976940,55.13631747,25.07392449
1462903320,55.1870665,25.134576
1461753900,54.0131865,12.64869865
1437419280,55.1291654,25.07325417
1461661080,42.72648771,18.30001266
1462398840,44.32386662,17.5666824
1462866840,42.79423908,18.22862824
1449114300,43.0150914,16.6906884
1449084900,43.0152401,16.6910477
1444284300,42.8084,18.22237
1443632820,34.942627,29.2977168
1443632580,34.942627,29.2977168
1442832960,34.95118541,29.2886702
1439831340,42.8084,18.22237
1439754060,42.8084,18.22237
1439720640,42.8084,18.22237
1439720580,42.8084,18.22237
1439720460,42.8084,18.22237
1439670600,42.8084,18.22237
1439670540,42.8084,18.22237
1439670480,42.8084,18.22237
1439670420,42.8084,18.22237
1439670360,42.8084,18.22237
1439670300,42.8084,18.22237
1439670300,42.8084,18.22237
1439670120,42.8084,18.22237
1439670060,42.8084,18.22237
1439670000,42.8084,18.22237
1439670000,42.8084,18.22237
1439669880,42.8084,18.22237
1439662800,42.8084,18.22237
1439635620,42.8084,18.22237
1439634720,42.8084,18.22237
1451471640,44.3059128,17.569975
1451253540,44.3038795,17.5708117
1451209500,44.3038795,17.5708117
1451175540,44.3039889,17.5707361
1451164860,44.3039889,17.5707361
1451140620,44.3038308,17.5708467
1451086500,44.3038308,17.5708467
1451057460,44.3038308,17.5708467
1450900020,44.3038241,17.5707976
1450897020,44.3038241,17.5707976
1450818240,44.3059281,17.5699535
1450805400,44.303693,17.5708192
1450787760,44.3058837,17.5699336
1450741620,44.3038596,17.5707296
1450740120,44.3038596,17.5707296
1450718160,44.3058837,17.5699336
1450629720,44.3038421,17.5707023
1450544040,44.3038237,17.570693
1450436700,44.3058509,17.5698899
1450382940,44.3038169,17.5706652
1450381140,44.3058509,17.5698899
1449431880,44.3057832,17.5698115
1449396180,44.303737,17.5707195
1449330900,44.3037135,17.5707543
1449310740,44.3037135,17.5707543
1435187460,44.3051478,17.5680216
1435163760,44.3105574,17.5599138
1463342580,42.79818334,18.23504585
1462573620,42.79809632,18.23229588
1456008120,42.79869374,18.2346292
1463668560,44.9832904,12.7882329
1462102320,42.5072,18.2233
1429490220,-77.0357045,38.89723081
1461852060,44.1792573,15.3513359
1459247820,44.1792456,15.3513376
1459085640,44.1792447,15.3513367
1459085160,44.1792447,15.3513367
1457916780,42.9635108,14.7916002
1457813520,42.9677304,14.78937677
1429879140,-122.46403503,37.70048523
1427870940,-117.74966659,33.65357647
1436113140,46.736983,24.616474
1428189360,39.22046163,21.59071772
1444576440,50.04026612,26.39404956
1461533340,43.26069323,15.24574737
1461532620,43.26068362,15.24574387
1461522420,43.25483704,15.24385071
1461446760,43.26070254,15.24574356
1460311680,43.25483704,15.24385071
1460310960,43.25483704,15.24385071
1460309700,43.25483704,15.24385071
1460309460,43.25483704,15.24385071
1460309220,43.25483704,15.24385071
1460309100,43.25483704,15.24385071
1460308500,43.25483704,15.24385071
1460308440,43.25483704,15.24385071
1460308200,43.25483704,15.24385071
1459875000,43.25483704,15.24385071
1458422580,43.25483704,15.24385071
1458420300,43.25483704,15.24385071
1458152580,43.25483704,15.24385071
1458148560,43.25483704,15.24385071
1458078120,43.26130676,15.25038147
1458076500,43.26130676,15.25038147
1458061380,43.25483704,15.24385071
1458060720,43.25483704,15.24385071
1457890440,43.25483704,15.24385071
1457803260,43.25483704,15.24385071
1457281500,43.25483704,15.24385071
1457111640,43.25483704,15.24385071
1456935180,43.254837,15.243851
1453584060,43.25480652,15.24436951
1452798720,43.2605198,15.24556013
1463102640,48.4857544,28.4117939
1463102580,48.485442,28.4119786
1462563660,44.097978,17.9720799
1456603800,44.1072428,17.9771277
1455727620,44.1072438,17.9771288
1461446520,42.74359554,18.29991118
1462522440,43.52811726,29.63706646
1463020140,42.0472366,18.5414201
1462729800,42.1168603,18.4321976
1449849480,47.10646897,17.49054366
1463745120,46.80911297,24.8080151
1463590440,46.80565853,24.81105003
1458058980,41.34263595,20.85424686
1457954940,41.31371588,20.86205331
1457634720,41.34391692,20.85494174
1457374980,46.80478668,24.81215035
1457262960,46.80224583,24.81299846
1462531500,48.441463,15.828709
1436539260,46.79289343,24.67291304
1436537280,46.79315372,24.67294599
1454217120,39.1433803,21.5737492
1429108680,39.1887679,21.7648264
1444369500,42.84723029,18.14956397
1443318360,42.84729348,18.14966908
1443136020,42.84729351,18.14966655
1442414220,42.58011947,16.87339234
1436668320,43.04278703,16.73506605
1433590800,42.84708126,18.14966024
1433535060,42.84726858,18.14962454
1462748940,47.29075864,24.13616422
1463560320,42.0185302,18.6623981
1463338680,42.0184369,18.6621047
1462570380,39.8568134,21.4612649
1462323660,42.019245,18.6643419
1462564140,49.57731748,27.09755005
1461572580,49.178295,27.52562772
1460347500,49.19197849,27.49763619
1459051260,49.178295,27.52562772
1463796720,43.09062977,18.11801528
1463649180,43.09179077,18.11951064
1461760320,42.56070199,18.24651069
1463863140,42.5534408,16.9252214
1462077360,37.94498456,26.57203641
1463779200,44.18290295,13.9496479
1462596600,39.3275145,22.3466426
1461471840,39.3275055,22.3466897
1432293960,39.666057,22.657095
1428757020,48.06531555,25.54923941
1428084120,48.06531701,25.54927183
1436904300,45.4235761,15.4619327
1436904240,45.4235762,15.4619327
1436903580,45.4235763,15.4619336
1436901480,45.4235762,15.4619327
1436901300,45.4235763,15.461933
1435713720,39.9551874,21.3267296
1433472300,39.9551875,21.3267374
1432909620,39.9551975,21.3268339
1431643500,39.955233,21.3270004
1431643020,39.955233,21.327015
1431463680,39.9552122,21.3269808
1463071620,45.96572059,28.45045045
1462316160,45.96572059,28.45045045
1457290380,45.96572059,28.45045045
1461622500,43.1993491,16.0038852
1461500400,43.1993371,16.0038842
1457814060,43.1992133,16.0039594
1457748540,43.1993483,16.0038803
1463234700,48.8203463,15.71533473
1462796520,40.91280875,20.6064777
1442969220,49.6016594,14.7611418
1440208680,43.10391323,18.08364784
1461440520,44.1790521,13.9698095
1461440400,44.1790739,13.9697834
1461440400,44.1790739,13.9697834
1461440400,44.1791508,13.9698636
1461440340,44.17915,13.9698638
1462987020,44.18806156,17.50039975
1462981740,44.22935629,17.57849839
1462832700,44.2293944,17.57890594
1462750500,44.2320457,17.56027418
1462316640,44.2293429,17.57857863
1462316340,44.2293429,17.57857863
1462094460,44.22920543,17.57903041
1460439540,44.23496731,17.55689132
1446230460,44.1881228,17.50010538
1445828100,44.22951657,17.57826127
1432052160,43.52931236,25.88954124
1456400520,46.7728,24.6408
1454424060,39.12438088,21.56051629
1462612620,42.62093243,17.15211582
1439810040,54.0588584,17.0378707
1461937680,48.3861592,26.9910076
1429278960,48.42035411,26.91464073
1462782180,46.85564697,24.77013252
1437151680,47.7096781,27.55935368
1430435160,50.0739316,26.3702235
1429034100,50.07397388,26.370124
1428852600,43.64067078,26.1721344
1443353220,42.8903557,17.43644525
1442881080,42.8903557,17.43644525
1441299660,42.9350372,17.4723085
1441128780,42.9350372,17.4723085
1440957480,42.9350372,17.4723085
1440934500,42.9350372,17.4723085
1440817920,42.9350372,17.4723085
1440533760,42.9116949,17.4702838
1440527460,42.93507,17.4723294
1440431340,42.9116949,17.4702838
1439638440,42.9351481,17.4723286
1439488980,42.9350372,17.4723085
1439093460,42.9116949,17.4702838
1431544680,49.12830507,14.54850324
1449563580,39.36401334,21.42670379
1463657520,41.00277588,21.86094982
1463283540,41.01308144,21.87345626
1463283240,41.01278488,21.87337902
1463282460,41.01335973,21.87439063
1461350100,40.40596455,21.27250526
1463689980,42.56650217,18.2029279
1429632360,41.898322,19.5399585
1429264920,43.81744422,25.01914714
1428660180,44.32598233,17.56599433
1427983920,44.31324755,17.56096438
1464195600,39.6,24.466667
1464195000,42.8637875,25.8274886
1464187200,39.172778,21.543333
1464181800,49.9777136,26.3926665
1464180600,46.85376585,24.72537492
1464162600,39.6,24.466667
1464162000,54.366667,24.466667
1464161400,39.6,24.466667
1464153600,46.6752957,24.7135517
1464147600,-7.5898434,33.5731104
1464144000,46.6752957,24.7135517
1464138000,41.9196471,27.7076143
1464137400,39.172778,21.543333
1464133800,39.172778,21.543333
1464133200,36.5661908,28.3835079
1464126600,49.9777136,26.3926665
1464125400,39.6,24.466667
1464121200,39.172778,21.543333
1464115800,46.6752957,24.7135517
1464112800,-7.5898434,33.5731104
1464111600,39.172778,21.543333
1464099000,39.6,24.466667
1464098400,39.172778,21.543333
1464091200,51.5304368,25.2916097
1464086400,49.9777136,26.3926665
1464083400,-7.5898434,33.5731104
1464081000,46.6752957,24.7135517
1464080400,46.6752957,24.7135517
1464078000,46.6752957,24.7135517
1464076800,38.06003094,24.09458146
1464075600,42.8637875,19.0969062
1464067800,46.6752957,24.7135517
1464060000,39.172778,21.543333
1464052200,42.8637875,25.8274886
1464049200,49.609512,25.3663753
1464045600,46.6752957,24.7135517
1464044400,42.8637875,19.0969062
1464037200,39.172778,21.543333
1464036600,46.6752957,24.7135517
1464035400,39.63615865,24.4755364
1464033000,-7.5898434,33.5731104
1464029400,49.9777136,26.3926665
1464020400,39.6,24.466667
1464019800,39.172778,21.543333
1464013200,46.6752957,24.7135517
1464011400,39.172778,21.543333
1464000600,46.6752957,24.7135517
1463997600,55.7578403,25.0753974
1463969400,39.172778,21.543333
1463959800,49.609512,25.3663753
1463955000,39.172778,21.543333
1463950800,49.9777136,26.3926665
1463944200,39.172778,21.543333
1463941800,39.6,24.466667
1463934000,49.609512,25.3663753
1463929800,46.6752957,24.7135517
1463925600,49.9777136,26.3926665
1463919600,35.5055758,33.8852793
1463913600,39.6,24.466667
1463908800,46.6752957,24.7135517
1463907600,36.5661908,28.3835079
1463903400,50.21163136,26.28056357
1463902200,39.172778,21.543333
1463890200,41.9196471,27.7076143
1463884200,49.9777136,26.3926665
1463880000,39.172778,21.543333
1463871600,39.6,24.466667
1463865000,39.172778,21.543333
1463863800,36.5661908,28.3835079
1463862000,49.609512,25.3663753
1463853000,39.172778,21.543333
1463845800,36.5661908,28.3835079
1463842200,32.639195,25.700674
1463840400,46.6752957,24.7135517
1463839800,39.6,24.466667
1463825400,42.8637875,25.8274886
1463823000,46.6752957,24.7135517
1463821800,39.6,24.466667
1463818800,46.74549103,24.66878128
1463817000,49.9777136,26.3926665
1463810400,39.172778,21.543333
1463807400,46.6752957,24.7135517
1463805000,49.609512,25.3663753
1463804400,-7.5898434,33.5731104
1463803200,39.172778,21.543333
1463802600,39.6,24.466667
1463793000,46.6752957,24.7135517
1463788200,39.172778,21.543333
1463782200,39.172778,21.543333
1463779800,39.172778,21.543333
1463770800,46.6752957,24.7135517
1463766000,42.8637875,19.0969062
1463761800,39.172778,21.543333
1463739000,49.9777136,26.3926665
1463738400,46.6728133,24.69227485
1463736600,39.172778,21.543333
1463730600,39.6,24.466667
1463723400,39.172778,21.543333
1463722800,46.6752957,24.7135517
1463722200,39.172778,21.543333
1463714400,-7.5898434,33.5731104
1463710800,46.6752957,24.7135517
1463707800,49.9777136,26.3926665
1463701800,46.6752957,24.7135517
1463695200,42.8637875,25.8274886
1463692200,49.9777136,26.3926665
1463690400,39.6,24.466667
1463685000,39.172778,21.543333
1463662800,-7.3373094,33.7318382
1463660400,55.8023118,24.1301619
1463640000,39.6,24.466667
1463637600,49.9777136,26.3926665
1463635200,46.6752957,24.7135517
1463622600,49.9777136,26.3926665
1463617200,41.9196471,27.7076143
1463614200,39.172778,21.543333
1463610600,39.172778,21.543333
1463610000,46.6752957,24.7135517
1463602800,49.609512,25.3663753
1463596200,39.6,24.466667
1463594400,39.172778,21.543333
1463591400,39.26480412,21.47100151
1463590200,36.3498097,31.6081517
1463589600,36.5661908,28.3835079
1463589000,49.9777136,26.3926665
1463580600,39.172778,21.543333
1463575800,46.6752957,24.7135517
1463574600,49.9777136,26.3926665
1463572800,49.9777136,26.3926665
1463560200,39.172778,21.543333
1463553600,46.6752957,24.7135517
1463547000,47.978333,29.369722
1463546400,30.90012,31.11664
1463540400,46.6752957,24.7135517
1463533200,39.172778,21.543333
1463524800,46.6752957,24.7135517
1463523600,39.6,24.466667
1463521800,46.6752957,24.7135517
1463518200,39.172778,21.543333
1463515200,49.9777136,26.3926665
1463514600,42.8637875,19.0969062
1463513400,39.172778,21.543333
1463511000,32.639195,25.700674
1463509200,39.6,24.466667
1463502000,49.9777136,26.3926665
1463500200,39.172778,21.543333
1463496000,39.172778,21.543333
1463492400,49.609512,25.3663753
1463490600,42.8637875,19.0969062
1463478000,42.8637875,19.0969062
1463475600,39.172778,21.543333
1463463600,42.8637875,19.0969062
1463463000,39.172778,21.543333
1463460600,42.8637875,25.8274886
1463460000,49.609512,25.3663753
1463449800,42.8637875,25.8274886
1463444400,46.6752957,24.7135517
1463440200,49.609512,25.3663753
1463439000,39.6,24.466667
1463427600,49.609512,25.3663753
1463425800,49.9777136,26.3926665
1463422200,39.172778,21.543333
1463418600,39.172778,21.543333
1463412600,49.9777136,26.3926665
1463410200,39.6,24.466667
1463409000,49.9777136,26.3926665
1463380800,46.6752957,24.7135517
1463376000,39.6,24.466667
1463374800,39.172778,21.543333
1463371200,46.6752957,24.7135517
1463358600,39.6,24.466667
1463357400,46.6752957,24.7135517
1463348400,46.6752957,24.7135517
1463347800,39.172778,21.543333
1463339400,49.9777136,26.3926665
1463338800,39.172778,21.543333
1463328000,46.6752957,24.7135517
1463317800,49.609512,25.3663753
1463316000,39.6,24.466667
1463302800,49.9777136,26.3926665
1463295600,46.6752957,24.7135517
1463278800,42.8637875,25.8274886
1463277000,41.9196471,27.7076143
1463272800,41.9196471,27.7076143
1463271000,49.9777136,26.3926665
1463269800,42.7770689,18.2396149
1463268000,39.172778,21.543333
1463265000,46.6752957,24.7135517
1463254200,39.6260058,24.4821397
1463244600,55.8023118,24.1301619
1463242200,49.609512,25.3663753
1463237400,42.8637875,19.0969062
1463228400,49.9777136,26.3926665
1463225400,39.6,24.466667
1463222400,49.609512,25.3663753
1463218800,42.8637875,19.0969062
1463214000,39.6,24.466667
1463213400,36.5661908,28.3835079
1463208600,46.6752957,24.7135517
1463200800,39.172778,21.543333
1463200200,42.8637875,25.8274886
1463197200,46.6752957,24.7135517
1463185200,39.6,24.466667
1463179800,49.609512,25.3663753
1463179200,39.6,24.466667
1463172600,39.172778,21.543333
1463167800,46.6752957,24.7135517
1463166000,46.6752957,24.7135517
1463152200,46.6752957,24.7135517
1463151000,42.8637875,25.8274886
1463139600,39.172778,21.543333
1463127000,49.9777136,26.3926665
1463116800,39.6,24.466667
1463101200,39.172778,21.543333
1463097000,46.6752957,24.7135517
1463092800,49.9777136,26.3926665
1463092200,46.6752957,24.7135517
1463077800,42.8637875,19.0969062
1463068200,42.8637875,25.8274886
1463064600,39.172778,21.543333
1463063400,49.9777136,26.3926665
1463062200,-7.5898434,33.5731104
1463057400,39.172778,21.543333
1463053200,49.9777136,26.3926665
1463052000,39.6,24.466667
1463051400,39.6,24.466667
1463047800,50.59200481,26.2153033
1463045400,49.609512,25.3663753
1463040000,39.6,24.466667
1463036400,39.172778,21.543333
1463035800,42.8637875,19.0969062
1463033400,46.6752957,24.7135517
1463028000,41.9196471,27.7076143
1463027400,39.172778,21.543333
1463010600,49.609512,25.3663753
1463007000,39.172778,21.543333
1462997400,49.9777136,26.3926665
1462995600,39.6,24.466667
1462990800,41.71534538,27.51306731
1462988400,49.609512,25.3663753
1462971000,39.172778,21.543333
1462950600,39.6,24.466667
1462942800,39.172778,21.543333
1462941600,46.6752957,24.7135517
1462940400,39.6,24.466667
1462939800,39.172778,21.543333
1462928400,39.6,24.466667
1462926000,39.172778,21.543333
1462925400,-7.5898434,33.5731104
1462921200,46.6752957,24.7135517
1462915200,36.5661908,28.3835079
1462908000,39.172778,21.543333
1462903800,39.19530943,21.59393097
1462894200,39.6,24.466667
1462889400,42.8637875,19.0969062
1462888800,49.9777136,26.3926665
1462880400,29.99931,31.24557
1462879800,39.172778,21.543333
1462861800,42.18191028,18.33841524
1462858800,49.9777136,26.3926665
1462851600,39.172778,21.543333
1462844400,39.172778,21.543333
1462842600,49.9777136,26.3926665
1462841400,42.8637875,25.8274886
1462840800,39.172778,21.543333
1462839600,49.609512,25.3663753
1462837800,46.6752957,24.7135517
1462831800,42.54060745,19.99270794
1462821000,39.6,24.466667
1462820400,39.6,24.466667
1462806600,36.5661908,28.3835079
1462804800,39.6,24.466667
1462802400,42.8637875,25.8274886
1462795200,39.172778,21.543333
1462787400,46.6752957,24.7135517
1462784400,49.609512,25.3663753
1462772400,39.172778,21.543333
1462769400,46.6752957,24.7135517
1462767600,42.8637875,19.0969062
1462765800,46.6752957,24.7135517
1462752000,29.99931,31.24557
1462743600,46.6752957,24.7135517
1462741800,42.8637875,25.8274886
1462740600,42.8637875,19.0969062
1462740000,39.6,24.466667
1462739400,49.609512,25.3663753
1462734000,49.9777136,26.3926665
1462715400,42.8637875,19.0969062
1462714800,39.6,24.466667
1462713600,32.639195,25.700674
1462705800,39.172778,21.543333
1462699800,49.9777136,26.3926665
1462691400,39.6,24.466667
1462687800,32.639195,25.700674
1462687200,39.172778,21.543333
1462686600,41.9196471,27.7076143
1462684200,36.5661908,28.3835079
1462672800,39.172778,21.543333
1462664400,55.7578403,25.0753974
1462658400,42.8637875,25.8274886
1462654800,29.99931,31.24557
1462652400,32.639195,25.700674
1462651800,-7.5898434,33.5731104
1462645800,39.172778,21.543333
1462644000,39.6,24.466667
1462638600,36.5661908,28.3835079
1462635600,49.609512,25.3663753
1462618200,39.172778,21.543333
1462617600,49.609512,25.3663753
1462613400,30.90012,31.11664
1462612800,46.6752957,24.7135517
1462609800,46.6752957,24.7135517
1462608600,46.6752957,24.7135517
1462603800,39.6,24.466667
1462589400,46.6752957,24.7135517
1462587600,46.6752957,24.7135517
1462576800,50.583333,26.216667
1462564800,46.6752957,24.7135517
1462561800,41.9196471,27.7076143
1462557000,39.172778,21.543333
1462547400,49.609512,25.3663753
1462537800,46.6752957,24.7135517
1462531800,43.49455118,25.87011337
1462527600,46.6752957,24.7135517
1462525800,49.9777136,26.3926665
1462525200,55.5690835,25.5132336
1462523400,42.8637875,19.0969062
1462521000,39.172778,21.543333
1462519200,42.8637875,25.8274886
1462516800,36.5661908,28.3835079
1462516200,-7.5898434,33.5731104
1462507200,46.6752957,24.7135517
1462506600,36.5661908,28.3835079
1462497000,39.172778,21.543333
1462492800,49.9777136,26.3926665
1462489800,39.172778,21.543333
1462489200,46.6752957,24.7135517
1462485000,36.5661908,28.3835079
1462482000,46.6752957,24.7135517
1462480200,49.9777136,26.3926665
1462474200,46.6752957,24.7135517
1462467600,39.172778,21.543333
1462467000,39.172778,21.543333
1462465200,46.6752957,24.7135517
1462464000,39.6,24.466667
1462451400,39.172778,21.543333
1462450800,39.6,24.466667
1462446000,42.8637875,25.8274886
1462438200,39.172778,21.543333
1462435800,39.6,24.466667
1462432800,39.6,24.466667
1462429800,39.172778,21.543333
1462423200,-7.5898434,33.5731104
1462405800,39.172778,21.543333
1462405200,46.6752957,24.7135517
1462402200,50.583333,26.216667
1462401000,49.9777136,26.3926665
1462396800,42.8637875,25.8274886
1462387200,42.8637875,19.0969062
1462386000,41.9196471,27.7076143
1462383000,46.6752957,24.7135517
1462381800,39.172778,21.543333
1462379400,49.609512,25.3663753
1462378200,39.172778,21.543333
1462373400,42.8637875,19.0969062
1462364400,49.9777136,26.3926665
1462362000,39.172778,21.543333
1462342200,-7.5898434,33.5731104
1462338000,54.366667,24.466667
1462330200,39.172778,21.543333
1462323600,39.6,24.466667
1462322400,39.172778,21.543333
1462321200,39.6,24.466667
1462314000,39.6,24.466667
1462311000,46.6752957,24.7135517
1462306200,46.6752957,24.7135517
1462300800,39.6,24.466667
1462299600,-7.5898434,33.5731104
1462299000,49.609512,25.3663753
1462289400,29.99931,31.24557
1462282800,39.6,24.466667
1462275000,39.6,24.466667
1462274400,46.6752957,24.7135517
1462251600,49.609512,25.3663753
1462246800,46.6752957,24.7135517
1462243800,46.6752957,24.7135517
1462239000,39.6,24.466667
1462234800,39.6,24.466667
1462227000,42.8637875,19.0969062
1462224000,36.5661908,28.3835079
1462219200,39.6,24.466667
1462215000,39.172778,21.543333
1462209600,42.8637875,19.0969062
1462200000,49.609512,25.3663753
1462197000,39.172778,21.543333
1462180800,42.8637875,25.8274886
1462180200,46.6752957,24.7135517
1462176000,49.9777136,26.3926665
1462168800,49.9777136,26.3926665
1462166400,46.6752957,24.7135517
1462165800,39.172778,21.543333
1462161000,39.6,24.466667
1462160400,39.172778,21.543333
1462151400,50.583333,26.216667
1462150200,36.5661908,28.3835079
1462145400,49.609512,25.3663753
1462143600,39.172778,21.543333
1462143000,46.6752957,24.7135517
1462138800,39.172778,21.543333
1462138200,49.9777136,26.3926665
1462131600,39.6,24.466667
1462131000,41.9196471,27.7076143
1462126800,39.172778,21.543333
1462124400,46.6752957,24.7135517
1462122600,39.6,24.466667
1462114800,47.978333,29.369722
1462110600,46.70042786,24.61264834
1462089600,36.5661908,28.3835079
1462089000,40.41492462,21.2589013
1462087800,39.172778,21.543333
1462084800,46.6752957,24.7135517
1462080600,39.172778,21.543333
1462079400,46.6752957,24.7135517
1462075200,46.49596184,24.61315823
1462069800,46.6752957,24.7135517
1462065600,39.172778,21.543333
1462062000,46.6752957,24.7135517
1462060200,39.172778,21.543333
1462054200,39.6,24.466667
1462052400,49.9777136,26.3926665
1462040400,39.172778,21.543333
1462036800,39.6,24.466667
1462028400,39.172778,21.543333
1462020600,49.9777136,26.3926665
1462013400,42.8637875,25.8274886
1462007400,39.172778,21.543333
1462006200,46.6752957,24.7135517
1462004400,46.6752957,24.7135517
1462000800,42.8637875,25.8274886
1461999000,46.6752957,24.7135517
1461994800,-7.5898434,33.5731104
1461993000,46.6752957,24.7135517
1461989400,46.6752957,24.7135517
1461981000,39.172778,21.543333
1461956400,49.9777136,26.3926665
1461949200,39.6,24.466667
1461937800,49.9777136,26.3926665
1461926400,46.6752957,24.7135517
1461919800,31.23569,30.04449
1461916800,31.23569,30.04449
1461916200,46.6752957,24.7135517
1461909600,39.6,24.466667
1461907800,39.172778,21.543333
1461898200,39.172778,21.543333
1461897600,55.8023118,24.1301619
1461889200,-7.5898434,33.5731104
1461886200,39.172778,21.543333
1461885000,46.6752957,24.7135517
1461879000,39.172778,21.543333
1461861000,46.6752957,24.7135517
1461859200,39.172778,21.543333
1461858600,39.6,24.466667
1461852600,41.9196471,27.7076143
1461846600,42.8637875,19.0969062
1461845400,39.172778,21.543333
1461844800,49.609512,25.3663753
1461838200,49.9777136,26.3926665
1461837600,46.6752957,24.7135517
1461830400,39.172778,21.543333
1461825600,45.99993741,28.45042128
1461817200,46.6752957,24.7135517
1461802800,49.9777136,26.3926665
1461801000,55.402868,24.9821547
1461799800,46.6752957,24.7135517
1461796800,39.172778,21.543333
1461796200,42.8637875,19.0969062
1461786000,39.6,24.466667
1461784200,36.5661908,28.3835079
1461771600,49.609512,25.3663753
1461770400,39.6,24.466667
1461769200,42.8637875,25.8274886
1461762000,42.8637875,19.0969062
1461760200,41.9196471,27.7076143
1461759000,49.9777136,26.3926665
1461753600,39.172778,21.543333
1461741600,46.6752957,24.7135517
1461736200,39.172778,21.543333
1461722400,46.6752957,24.7135517
1461717000,46.6752957,24.7135517
1461714000,49.609512,25.3663753
1461712800,39.172778,21.543333
1461699000,39.172778,21.543333
1461697200,49.9777136,26.3926665
1461690600,49.9777136,26.3926665
1461687600,42.8637875,19.0969062
1461684600,39.172778,21.543333
1461679800,49.609512,25.3663753
1461679200,35.8279959,32.5687109
1461677400,39.172778,21.543333
1461675600,42.8637875,25.8274886
1461667800,46.6752957,24.7135517
1461654000,39.172778,21.543333
1461653400,39.172778,21.543333
1461652200,39.6,24.466667
1461649200,42.8637875,25.8274886
1461648600,36.5661908,28.3835079
1461646200,31.23569,30.04449
1461643200,46.6752957,24.7135517
1461642600,-7.5898434,33.5731104
1461640800,39.172778,21.543333
1461630000,39.6,24.466667
1461625200,46.6752957,24.7135517
1461622200,29.99931,31.24557
1461613200,41.9196471,27.7076143
1461610200,39.172778,21.543333
1461609600,46.6752957,24.7135517
1461603600,46.6752957,24.7135517
1461586800,39.7062622,24.49486907
1461584400,47.6061625,29.511604
1461583800,39.172778,21.543333
1461580200,49.9777136,26.3926665
1461577200,46.6752957,24.7135517
1461575400,39.25805032,21.40549987
1461574800,46.6752957,24.7135517
1461574200,46.6752957,24.7135517
1461570000,31.23569,30.04449
1461566400,39.172778,21.543333
1461562800,39.6,24.466667
1461558600,46.6752957,24.7135517
1461549000,39.172778,21.543333
1461541200,49.9777136,26.3926665
1461536400,36.5661908,28.3835079
1461532800,46.6752957,24.7135517
1461526200,42.8637875,25.8274886
1461523800,50.583333,26.216667
1461520800,46.6752957,24.7135517
1461519600,39.6,24.466667
1461516000,39.172778,21.543333
1461508800,39.172778,21.543333
1461504600,39.172778,21.543333
1461488400,39.172778,21.543333
1461487200,46.6752957,24.7135517
1461480000,39.6,24.466667
1461473400,39.172778,21.543333
1461472200,46.6752957,24.7135517
1461469800,46.6752957,24.7135517
1461463800,39.172778,21.543333
1461463200,35.5055758,33.8852793
1461454200,39.172778,21.543333
1461440400,36.5661908,28.3835079
1461435600,39.6,24.466667
1461433800,49.9777136,26.3926665
1461428400,39.172778,21.543333
1461425400,42.8637875,19.0969062
1461424200,49.9777136,26.3926665
1461421800,50.21182314,26.28060927
1461413400,39.172778,21.543333
1461409200,46.6752957,24.7135517
1461403800,49.609512,25.3663753
1461398400,39.172778,21.543333
1461397800,49.9777136,26.3926665
1461396000,39.172778,21.543333
1461392400,46.6752957,24.7135517
1461385800,-7.5898434,33.5731104
1461384000,46.6752957,24.7135517
1461382200,39.172778,21.543333
1461377400,39.6,24.466667
1461376200,46.6752957,24.7135517
1461362400,39.6,24.466667
1461357600,39.172778,21.543333
1461354600,36.5661908,28.3835079
1461348600,46.6752957,24.7135517
1461347400,39.6,24.466667
1461338400,46.6752957,24.7135517
1461328200,49.9777136,26.3926665
1461323400,39.172778,21.543333
1461311400,46.6752957,24.7135517
1461310800,46.6752957,24.7135517
1461309600,39.172778,21.543333
1461298800,31.23569,30.04449
1461295200,46.6752957,24.7135517
1461284400,39.172778,21.543333
1461280200,49.9777136,26.3926665
1461277200,-7.5898434,33.5731104
1461274800,46.6752957,24.7135517
1461271800,36.5661908,28.3835079
1461271200,29.99931,31.24557
1461270000,42.8637875,25.8274886
1461267000,46.6752957,24.7135517
1461256800,-7.5898434,33.5731104
1461256200,39.172778,21.543333
1461253200,46.6752957,24.7135517
1461250200,49.9777136,26.3926665
1461249000,49.9777136,26.3926665
1461247800,32.639195,25.700674
1461246000,36.5661908,28.3835079
1461243000,49.609512,25.3663753
1461242400,39.172778,21.543333
1461239400,46.6752957,24.7135517
1461230400,39.6,24.466667
1461228000,39.172778,21.543333
1461225000,46.6752957,24.7135517
1461221400,36.5661908,28.3835079
1461159600,39.172778,21.543333
1461133800,39.172778,21.543333
1461133200,49.609512,25.3663753
1461126600,42.8637875,19.0969062
1461121800,46.6752957,24.7135517
1461115200,39.6,24.466667
1461113400,39.172778,21.543333
1461106800,30.90012,31.11664
1461105000,46.6752957,24.7135517
1461103800,46.6752957,24.7135517
1461100800,49.609512,25.3663753
1461094800,39.6,24.466667
1461093000,39.172778,21.543333
1461091800,36.5661908,28.3835079
1461081000,46.6752957,24.7135517
1461070200,55.8023118,24.1301619
1461066600,46.7908116,24.7562979
1461065400,49.9777136,26.3926665
1461064800,42.8637875,19.0969062
1461063600,46.6752957,24.7135517
1461057600,39.6,24.466667
1461051600,39.172778,21.543333
1461046800,39.6,24.466667
1461043200,49.9777136,26.3926665
1461041400,39.172778,21.543333
1461040200,49.9777136,26.3926665
1461037800,39.172778,21.543333
1461037200,46.6752957,24.7135517
1461283560,45.1362136,13.7805206
1448636340,39.2057572,21.5582331
1443077580,42.82633005,16.4169026
1443039840,42.82633005,16.4169026
1432028820,42.82670125,16.42701707
1431453120,42.82661199,16.42686285
1431342960,42.82680749,16.42693677
1428797220,42.8268398,16.42699163
1428092940,42.82682513,16.42699064
1427991480,42.82665281,16.42701364
1462396740,44.158196,15.4015701
1432769940,44.1557899,15.4058276
1461421320,44.2102123,15.338974
1461161820,44.2102114,15.3389737
1461519240,44.21985,17.54868
1463580000,45.0020354,12.7897214
1463576040,45.0019907,12.7896956
1463564760,45.002036,12.789725
1458910500,45.0014087,12.7897278
1458907200,45.0014085,12.7897281
1458864180,45.0014098,12.7897286
1458859260,45.0014092,12.7897272
1458853980,45.0014086,12.7897275
1458853860,45.0014086,12.7897277
1458848100,45.0014093,12.789727
1458846660,45.0014087,12.7897275
1456822620,44.9642224,12.8563891
1456264560,44.9643436,12.8565839
1456229100,44.9642839,12.8564605
1456219140,44.9644091,12.8566698
1456216920,44.9643448,12.8565898
1456167120,44.9643016,12.8564915
1455729840,44.9643266,12.8565555
1455705720,44.9643017,12.8564381
1455704880,44.9642959,12.8564727
1455704640,44.9642773,12.8564594
1455636480,44.9642936,12.8564575
1455563880,44.9643263,12.8564331
1455557880,44.9642678,12.8564439
1455557460,44.9642855,12.8564147
1455488760,44.9642428,12.8563916
1455483600,44.9642874,12.8562892
1454237220,44.9642687,12.8564203
1453828200,44.9642481,12.856442
1453822860,44.9642425,12.8563992
1453821660,44.9642466,12.856411
1453629660,44.964277,12.8564577
1453629600,44.9642797,12.8564248
1450339140,44.9642719,12.8564234
1451724660,42.9618744,14.8136815
1462293480,39.1944032,21.4429691
1449461760,39.1942351,21.4428927
1432275240,44.1128079,17.4682242
1463580900,50.75421,24.74904
1431750660,49.1234913,14.5347282
1431668340,49.1233042,14.5347264
1431668040,49.1232983,14.5347167
1431202320,49.9915176,14.9168122
1430545980,49.9891655,14.9146825
1430384880,49.991543,14.9167064
1430338740,49.9915402,14.9167056
1430236260,49.9905295,14.912957
1430203260,49.99207,14.9105861
1429744380,49.9905281,14.912958
1429731840,49.9905317,14.9129567
1429651140,49.9905317,14.9129567
1429647900,49.9905324,14.9129586
1429344780,49.9925102,14.9083772
1429343520,49.9925066,14.9083785
1429270020,49.991252,14.9125248
1429021140,49.9867087,14.9106639
1429020840,49.9867087,14.9106639
1428927360,49.9988033,14.9246231
1428484500,49.9862923,14.9106418
1427869620,49.1240578,14.5352138
1462722960,40.50243879,21.46086443
1462651620,39.27321006,21.45393471
1462272300,47.10915073,17.48394424
1462886580,44.192192,15.365732
1445110200,44.192192,15.365732
1444669260,44.192192,15.365732
1444602240,44.162533,15.385637
1444404480,44.192192,15.365732
1444341660,44.192192,15.365732
1433965260,44.162533,15.385637
1433742900,44.190414,15.362186
1433437320,44.162533,15.385637
1432427640,44.162533,15.385637
1462746960,46.741507,24.7828766
1462746660,46.7414096,24.7828244
1462318080,46.7414327,24.7829145
1462178580,46.7416146,24.7828333
1462178100,46.7417688,24.7828633
1462045500,50.1985157,26.3390725
1462006860,50.1203433,26.4520595
1461965640,50.0964719,26.4565898
1461954240,50.1202754,26.4520791
1461867300,49.5890873,26.2438122
1461844140,46.7256358,24.8476486
1461844140,46.7256358,24.8476486
1461779700,46.6754856,24.7822052
1461702360,46.7415331,24.7829265
1461644340,46.7413989,24.7830302
1461644280,46.741339,24.7830203
1461624180,46.7414759,24.7829902
1461624180,46.7414759,24.7829902
1461438120,46.7308532,24.7761385
1460971740,46.739621,24.7822536
1460970000,46.6651697,24.6760732
1460938920,46.741505,24.7828209
1453866300,46.7413651,24.7829062
1450819620,46.7414422,24.7828005
1450785540,46.7220788,24.8541952
1450519020,46.6801167,24.6957926
1450519020,46.6801167,24.6957926
1449997500,46.7258451,24.8475963
1449956520,46.7414682,24.7825521
1449862140,46.7379066,24.7837422
1449750060,46.7286336,24.7797199
1449305820,46.7414466,24.7829891
1448995080,46.7414299,24.7828552
1463800500,39.19148549,22.1589747
1461782340,39.9928113,21.15883518
1461782160,39.99272813,21.15900512
1458471000,40.05113159,21.15770734
1458249960,40.05118391,21.15760798
1457848140,39.92501956,21.1509047
1457847780,39.92501956,21.1509047
1457847660,39.92501956,21.1509047
1457847600,39.92501956,21.1509047
1457453820,40.05441925,21.15580436
1457376420,40.05212563,21.15718924
1457294940,40.0549775,21.15572962
1456123200,39.99009687,21.15947304
1455790680,39.93112666,21.26140787
1462517580,42.17646493,18.9520132
1460613360,42.17823742,18.95202966
1451242020,42.17889382,18.95168212
1450788000,42.1788944,18.95176726
1432792920,42.16489712,18.95483061
1461666600,41.80048716,19.38366198
1461659640,41.80167245,19.37963777
1428996480,41.45884407,19.5998349
1428702480,42.04172573,18.54795285
1463472660,48.43206882,15.45185661
1463345220,48.43087873,15.45972951
1463048640,48.43030846,15.45953146
1461878280,48.43089754,15.45974326
1461878220,48.43096841,15.45963716
1461878040,48.43089541,15.45974569
1461877440,48.4309195,15.45971784
1461364140,48.43090389,15.45971624
1461363600,48.43105763,15.45959952
1461362760,48.43092346,15.45968986
1461362400,48.43090424,15.45971504
1461362220,48.4309014,15.45971896
1461361080,48.43094121,15.45950212
1461361020,48.43103928,15.45936847
1461360660,48.43092414,15.45968957
1461360000,48.43092237,15.45969129
1461359940,48.43090053,15.45972047
1461344760,48.43090695,15.45973386
1457952060,48.43089926,15.45974625
1463406780,42.94006558,14.80553862
1462954560,42.94006392,14.80551943
1462952700,42.94006392,14.80551943
1461612840,42.9400587,14.80557192
1460851680,42.94005737,14.80563139
1457009220,42.940094,14.80560913
1456966080,42.94009395,14.80560911
1456777260,42.94005436,14.80563778
1454989080,42.94007527,14.80563183
1454971140,42.94007527,14.80563183
1454970780,42.94007527,14.80563183
1454970420,42.94007527,14.80563183
1454864280,42.94000737,14.80553087
1454864100,42.9399276,14.80560795
1454863140,42.94001293,14.80557722
1454854320,42.94007524,14.80563183
1453740960,42.94004672,14.80560435
1453651320,42.94007802,14.80563244
1453139460,42.94006191,14.80559497
1453134300,42.94008801,14.80562563
1453133520,42.9400368,14.80558265
1453133160,42.94006367,14.80560372
1452786720,42.94006393,14.80560354
1452751500,42.94014919,14.80561901
1452117300,42.94014507,14.8055304
1452117300,42.94014326,14.8055335
1452032700,42.94006175,14.80560359
1451997660,42.94008838,14.80562763
1451668140,42.94006047,14.80560751
1451478840,42.9400849,14.80562619
1451411160,42.9400849,14.80562619
1449760920,42.94006469,14.80560369
1449752760,42.94008798,14.80562425
1448959200,42.94008513,14.80562228
1446030060,42.94009827,14.80560969
1445833140,42.94009272,14.80560618
1445377980,42.94009272,14.80560618
1444875420,42.94009272,14.80560618
1444721220,42.94025032,14.80548144
1444558320,42.94009272,14.80560618
1444463640,42.94009272,14.80560618
1444286220,42.94009272,14.80560618
1444284480,42.94009272,14.80560618
1444131480,42.94009272,14.80560618
1443850080,42.94009272,14.80560618
1443765960,42.94009272,14.80560618
1443595500,42.94009272,14.80560618
1443594960,42.94009272,14.80560618
1443507480,42.94009272,14.80560618
1443507360,42.94009272,14.80560618
1443507180,42.94009272,14.80560618
1443506880,42.94009272,14.80560618
1443155940,42.94009272,14.80560618
1443155760,42.94009272,14.80560618
1443155580,42.94009272,14.80560618
1442719380,42.94009272,14.80560618
1442718540,42.94009272,14.80560618
1442717280,42.94009272,14.80560618
1442715720,42.94009272,14.80560618
1442715240,42.94009272,14.80560618
1442348280,42.94009272,14.80560618
1442198400,42.94009272,14.80560618
1442197080,42.94009272,14.80560618
1442037840,42.94009399,14.80563354
1442036460,42.94009399,14.80563354
1442035260,42.94009399,14.80563354
1442001720,42.94008514,14.80560253
1441993860,42.94009272,14.80560618
1441993740,42.94009272,14.80560618
1441853700,42.94009272,14.80560618
1441819260,42.94009272,14.80560618
1441817820,42.94009272,14.80560618
1441724820,42.94009272,14.80560618
1441724760,42.94009272,14.80560618
1441656060,42.94009272,14.80560618
1441541640,42.94009272,14.80560618
1441111800,42.94009272,14.80560618
1441108380,42.94009272,14.80560618
1441022520,42.94009272,14.80560618
1440594660,42.94007644,14.80560486
1440530400,42.94007644,14.80560486
1440529560,42.94007263,14.80560359
1440467760,42.94044392,14.80576372
1440467100,42.94007649,14.80560488
1440400200,42.94007644,14.80560486
1440399660,42.94007644,14.80560486
1440255360,44.18907766,15.33320247
1440254280,44.18907766,15.33320247
1440077340,44.18890351,15.33303527
1439887920,42.94008035,14.80560874
1439849760,42.94008035,14.80560874
1439845980,42.94008043,14.80560925
1439812440,42.94008043,14.80560925
1439731800,42.94011324,14.80562804
1439402700,42.94011922,14.80564032
1439381700,42.9401157,14.80564035
1439362800,42.94011804,14.80564049
1439287620,42.94011868,14.80564063
1439208060,42.94008415,14.80562921
1439113500,42.94009037,14.80563129
1439093580,42.94009037,14.80563129
1439078400,42.94010933,14.80562707
1438801800,42.94009185,14.80562774
1438678080,42.94009185,14.80562774
1438581480,42.94082226,14.80593296
1438546020,42.94068491,14.8055414
1438535940,42.9401486,14.80571779
1438439940,42.9402727,14.80570573
1438408860,42.94009294,14.80563068
1438325040,42.94009816,14.80563619
1438277700,42.94013988,14.8056237
1438087560,42.94010107,14.80563281
1438002480,42.94010107,14.80563282
1437998340,42.94010107,14.80563282
1437935520,42.94010107,14.80563282
1437914280,42.94010107,14.80563282
1437913440,42.94010107,14.80563282
1437913260,42.94010378,14.80563613
1437671940,42.94010165,14.80563831
1437509700,42.94038234,14.80570143
1437125220,42.94010669,14.80562674
1438052040,43.4235043,16.1467818
1462745700,46.8556892,14.4177719
1462654260,46.855689,14.4177718
1462654080,46.855689,14.4177718
1462399140,46.8556607,14.4177597
1462398960,46.855661,14.41776
1462389540,46.855661,14.41776
1461709080,46.8556604,14.4177597
1461706440,46.8556607,14.4177597
1461706260,46.8555917,14.417889
1461360900,46.8556579,14.4177895
1461360780,46.8556607,14.4177597
1461280620,46.8556607,14.4177597
1461020460,46.8556607,14.4177597
1461020040,46.8556604,14.4177597
1460487300,46.82969,14.4203827
1460049540,46.8556607,14.4177597
1459980660,46.8556607,14.4177597
1459954620,46.8488831,14.4184657
1459806960,46.8556611,14.4177594
1459806240,46.8556622,14.41776
1459805460,46.8556622,14.41776
1459804560,46.8556608,14.417759
1459636080,46.8556604,14.4177597
1459635960,46.8556611,14.4177598
1459635420,46.855671,14.4177546
1459624260,46.8556608,14.4177587
1459359960,46.8556544,14.4178394
1459358580,46.8556611,14.4177595
1459287600,46.8556611,14.4177598
1459029840,46.855661,14.4177594
1459020120,46.8556611,14.4177595
1458332040,46.8556534,14.4178092
1458060600,46.8556608,14.4177594
1457995140,46.8556611,14.4177598
1457735460,46.855661,14.41776
1457518260,46.8556607,14.4177597
1457455620,46.8556622,14.41776
1457445660,46.855661,14.4177595
1457300760,46.8556611,14.4177598
1457132340,46.855661,14.4177594
1456699260,46.8556607,14.4177701
1456330800,46.8556606,14.41777
1456330320,46.8556608,14.4177697
1456330200,46.8556608,14.4177701
1456330080,46.8556607,14.4177701
1456173120,46.8556606,14.41777
1456171980,46.8556605,14.41777
1456171380,46.8556614,14.4177694
1456170960,46.8556607,14.4177701
1455657660,46.8556606,14.41777
1454705820,46.8556605,14.41777
1454705220,46.8556618,14.4177706
1454185020,46.8556607,14.4177701
1454183760,46.8556607,14.4177701
1454096940,46.8556637,14.4177706
1453760280,46.8556941,14.4177256
1453226100,46.8556945,14.4177276
1453225980,46.8556941,14.4177256
1453225800,46.8556941,14.4177256
1452887040,46.855695,14.417725
1452881460,46.8556942,14.417726
1452881340,46.8556942,14.417726
1452881220,46.8556945,14.4177276
1452880380,46.8556953,14.4177262
1452874020,46.8556953,14.4177262
1451932860,46.8556532,14.4177675
1462539120,34.9413271,29.2908718
1463900280,39.2507222,21.4904894
1463641740,39.2191265,21.5613227
1459921140,39.2190875,21.5612457
1458678120,39.219195,21.5612467
1434592440,44.1874603,15.3495697
1433876940,44.1874241,15.3495423
1433706120,44.1874102,15.3495251
1433703960,44.1874554,15.3495448
1433699040,44.1874475,15.3494946
1433626620,44.1874528,15.3495743
1433620560,44.1874539,15.3495578
1433616480,44.187456,15.3495546
1433607600,44.1874239,15.3495658
1433607180,44.1874527,15.3495607
1433105820,44.187437,15.3495533
1433011740,44.1874077,15.3495805
1433011680,44.1873918,15.349577
1433011680,44.1873918,15.349577
1432654380,44.1874518,15.3495299
1432500060,44.1874239,15.3495799
1432497840,44.1874352,15.3495824
1432495620,44.1874538,15.3495596
1432408320,44.1874596,15.349585
1432407360,44.1874273,15.3501444
1432406640,44.1874472,15.3495622
1432308540,44.187469,15.3495394
1432246320,44.1874381,15.3495797
1432228080,44.1874086,15.3495706
1430430720,44.1874216,15.3495494
1429733820,44.1874034,15.3495524
1429643160,44.1873297,15.3495986
1429552380,44.1874404,15.3496216
1429541940,44.1874712,15.3496217
1429467660,44.1874002,15.3501087
1428806100,44.1874787,15.3499145
1428784200,44.1874412,15.3495361
1428783300,44.1874572,15.3496315
1428605520,44.1874919,15.3498637
1428604620,44.187471,15.3498273
1428604200,44.1874883,15.3498834
1463844840,49.6115076,25.3541769
1445974620,46.79955019,24.89952842
1462522140,44.20904997,18.53727581
1437006000,44.20995152,18.52993531
1463748480,40.67701598,22.30566589
1455238860,43.0160507,16.6902313
1455174900,43.0133853,16.6885135
1454062260,43.0137783,16.6880983
1428013980,48.4895201,28.4222232
1461896400,47.20560103,24.21412749
1458152580,44.88137,20.43984667
1429395360,39.85499079,21.42017591
1463455440,49.065562,14.4987978
1462852800,49.0655325,14.4987549
1461480000,49.065523,14.4987926
1453896360,49.065531,14.4988372
1428324480,49.0656026,14.4988193
1463935320,45.0322492,12.81291263
1462625760,49.00051153,24.09613209
1456210680,49.00044383,24.09614982
1452097620,49.00453425,24.10190079
1446834840,49.00685089,24.10297049
1437117780,49.00036326,24.09621184
1436886900,48.99957121,24.09533112
1434831060,48.89205182,24.21940532
1434159780,48.89147396,24.20741631
1431355860,49.0267402,24.13080922
1431350220,49.00887396,24.10458705
1431162000,49.00025385,24.09637899
1430550660,49.00941863,24.10604354
1429782060,49.00039798,24.09631954
1429084980,48.96418843,23.29158218
1428167820,49.00024792,24.09639347
1428156900,49.02193616,24.12787123
1461022800,44.2766249,14.5607914
1427981700,42.5883661,16.8870603
1445996040,54.58351364,24.43735924
1460236920,39.9663144,21.4466097
1460229300,39.9444889,21.4861312
1460227260,39.9428837,21.4850477
1460226120,39.9428837,21.4850477
1462311480,44.23799051,15.30989806
1460215020,44.23720227,15.30975284
1455647220,44.24934468,15.26090333
1455393240,44.246879,15.2610631
1454963760,44.23792474,15.31025274
1451065920,44.24643079,15.24566612
1451065260,44.24643256,15.24568482
1450820940,44.23757087,15.31027368
1450558140,44.25684391,15.263995
1450218060,44.24709149,15.24534809
1450216680,44.24711211,15.24571964
1450216200,44.24787473,15.25943389
1450215780,44.2560524,15.26424124
1450205760,44.25586719,15.26412581
1450205100,44.24735691,15.24586233
1449851700,44.24825627,15.25970793
1449851460,44.24807548,15.25943263
1449849180,44.25142037,15.26119967
1449475020,44.23824811,15.31029191
1449436080,44.23806164,15.31021425
1448483460,44.23714549,15.30998453
1447526460,44.23575089,15.31003621
1447417620,44.24502316,15.26714325
1447266720,44.23430957,15.31097808
1447261920,44.23709476,15.31783664
1447199940,44.23782818,15.31002232
1446927540,44.23450647,15.31097379
1446836520,44.25177915,15.25621088
1446795300,44.24795612,15.25917593
1446795120,44.24793843,15.25932823
1446552660,44.24790122,15.25906466
1446536580,44.24785906,15.25920799
1445901300,44.24763802,15.25912242
1445899020,44.25703904,15.26668639
1445891700,44.25702415,15.266685
1445719140,44.23450182,15.3102683
1445718480,44.23696166,15.30720133
1445716740,44.23801317,15.31005518
1444680780,44.2479194,15.25950916
1443557760,44.2556211,15.26692499
1463817720,42.5598368,16.8927324
1447265940,42.5673847,16.9070602
1442073120,42.5601343,16.8927697
1439030580,42.5602272,16.8931164
1463734560,40.0905719,21.6336546
1459386180,40.0852974,21.638009
1463751240,49.33229005,24.54481839
1461187260,49.3322372,24.54482307
1428965820,41.67927834,17.9990672
1462032660,44.0286338,12.7659519
1463503560,43.14517401,18.08306476
1443792780,42.69872342,18.28823302
1429710420,29.9983452,31.2516379
1463113200,50.7640858,24.72321335
1462565520,50.76410531,24.72315444
1461689460,42.97128816,16.52176941
1461688860,42.97128816,16.52176941
1461680520,42.97128816,16.52176941
1461680400,42.97128816,16.52176941
1461680280,42.97128816,16.52176941
1461680100,42.97128816,16.52176941
1461679680,42.97128816,16.52176941
1461679620,42.97128816,16.52176941
1461679620,42.97128816,16.52176941
1461679620,42.97128816,16.52176941
1461679560,42.97128816,16.52176941
1461679560,42.97128816,16.52176941
1461679440,42.97128816,16.52176941
1461679260,42.97128816,16.52176941
1461678900,42.97128816,16.52176941
1461678360,42.97128816,16.52176941
1461677760,42.97128816,16.52176941
1461676260,42.97128816,16.52176941
1461674280,42.97128816,16.52176941
1461673920,42.97128816,16.52176941
1461673500,42.97128816,16.52176941
1461627180,42.97128816,16.52176941
1461627120,42.97128816,16.52176941
1461616500,42.97128816,16.52176941
1461611520,42.97128816,16.52176941
1461611220,42.97128816,16.52176941
1461611160,42.97128816,16.52176941
1461611160,42.97128816,16.52176941
1461609360,42.97128816,16.52176941
1461609180,42.97128816,16.52176941
1461608940,42.97128816,16.52176941
1461608820,42.97128816,16.52176941
1461604380,42.97128816,16.52176941
1461604260,42.97128816,16.52176941
1461603360,42.97128816,16.52176941
1461603180,42.97128816,16.52176941
1461601320,42.97128816,16.52176941
1461600720,42.97128816,16.52176941
1461394380,42.97128816,16.52176941
1461390420,42.97128816,16.52176941
1461305220,42.97128816,16.52176941
1461305160,42.97128816,16.52176941
1461304380,42.97128816,16.52176941
1461303660,42.97128816,16.52176941
1461127920,43.2199414,16.7818307
1461127380,43.2199414,16.7818307
1461126840,43.2199414,16.7818307
1461126780,43.2199414,16.7818307
1461126720,43.2199414,16.7818307
1461041400,43.2199414,16.7818307
1461041280,43.2199414,16.7818307
1460423400,43.2199414,16.7818307
1460423160,43.2199414,16.7818307
1460423100,43.2199414,16.7818307
1460422980,43.2199414,16.7818307
1460349480,43.2199414,16.7818307
1463867460,42.5072,18.2233
1462895760,42.5072,18.2233
1462895640,42.5072,18.2233
1462895460,42.5072,18.2233
1461702240,42.54260387,18.21736432
1461702060,42.54260387,18.21736432
1452016080,39.1082072,21.6147018
1462551000,47.0993986,17.5052656
1429838700,44.3295022,17.5092569
1429838520,44.3295022,17.5092569
1461528660,42.49076166,18.24079467
1456251060,49.30054522,25.14317764
1450179480,50.1142,26.4258
1446554760,48.510025,28.422796
1463836020,44.24703988,15.30169581
1463002560,44.24672952,15.30210643
1461222420,44.24685025,15.30187076
1432897560,49.5832324,25.368189
1432763160,49.6255237,25.3660496
1432427880,49.5765529,25.3719277
1431989460,49.6255377,25.3660423
1429644960,49.5924261,25.3339078
1463794980,44.1358688,17.4883487
1446404340,44.139714,17.4900424
1452692460,29.0779555,40.9904009
1463505720,40.0076215,22.0265375
1463451960,40.0057728,21.9957433
1462933500,40.0076969,22.0266368
1461724080,40.0076427,22.0265467
1461630060,40.0076969,22.0266368
1459901640,40.0076969,22.0266368
1449026460,40.0077901,22.0266229
1448288880,40.0077944,22.0266455
1442804400,40.0079625,22.026495
1439684820,40.0080139,22.0263995
1437792960,40.0080422,22.0263278
1436064960,40.0080681,22.0261918
1435970820,40.0080681,22.0261918
1430621040,40.0079166,22.0259236
1430496540,39.8079375,21.9075426
1429663800,40.0078873,22.0258751
1429493580,40.0078722,22.0258787
1462703520,46.7651745,14.3527696
1429900380,42.7433501,18.3132892
1429725000,42.7433545,18.3133383
1429623060,42.743473,18.3132973
1429564860,42.7434425,18.3132975
1429200300,42.7434702,18.3132972
1429116120,42.7434345,18.313297
1429115700,42.7434681,18.3132972
1428934800,42.7434621,18.3132995
1428933840,42.7434619,18.313299
1428762000,42.7434637,18.3132981
1428591420,42.7434582,18.3132989
1428587820,42.7434359,18.313299
1428420000,42.7434492,18.3133014
1428156240,42.7434977,18.3133108
1427985360,42.7434646,18.3133001
1431732780,40.5497573,22.6055529
1431166500,40.5591729,22.5919335
1430410740,40.5591994,22.5962985
1429980600,40.5498407,22.6055567
1429879560,40.5592435,22.5963308
1429559160,40.5498379,22.6055568
1429559100,40.5498379,22.6055568
1429556160,40.5498379,22.6055568
1429021620,40.5593347,22.596301
1428594540,40.4827447,21.4371706
1428489000,40.5577072,22.5943228
1428353400,40.5593899,22.5963241
1428324900,40.5594072,22.5963375
1448871060,39.54615955,24.47088237
1463555400,41.3592649,18.9730409
1463644740,46.299553,28.702371
1463629320,46.74682617,24.7468313
1463585880,39.825786,21.4201018
1463340540,46.59664808,24.48970321
1463002800,46.59664808,24.48970321
1459071540,46.7960252,24.5575859
1456978620,48.11813007,29.16881156
1462609020,41.2914808,18.7392337
1458898380,43.95968216,26.33970568
1430208120,49.6566068,25.92348003
1428265200,49.63063578,25.56237013
1427921940,49.64624117,25.92216705
1461794340,44.1322,17.4917
1464006300,43.12095447,18.14189561
1462710900,43.13243603,18.09073466
1461947220,46.77943623,24.74114388
1461606600,43.13249588,18.09044198
1458627300,43.13234221,18.09062403
1451848020,43.14123096,18.08712437
1451317200,43.12270805,18.08386301
1443349620,42.8084,18.22237
1461618480,44.1830647,15.3550945
1429895640,50.18363741,26.22255498
1429884360,50.20022106,26.26752788
1429884240,50.20024044,26.26755055
1428649560,50.189852,26.27449316
1436699400,44.14149044,17.49563886
1434538800,44.14154253,17.49529586
1433990580,44.14171533,17.49544654
1433760420,44.1415436,17.49529653
1433495940,44.14152813,17.49527207
1433380800,44.13850124,17.49264341
1433214600,44.14183436,17.4953003
1432953060,44.13850592,17.4926622
1432516800,44.13183077,17.48547009
1430993400,44.14150445,17.49550871
1430888820,44.14176302,17.49544
1430170800,44.14464772,17.49532489
1429871220,44.14153576,17.49531232
1429485600,44.14475329,17.49536522
1428360600,42.57255014,16.87571453
1428273300,42.5723693,16.87531857
1428017700,42.57221305,16.87541194
1430736000,42.8158241,18.1994234
1464116160,42.6713973,16.9202977
1463752200,42.6714277,16.9202908
1461405960,42.6715315,16.9202289
1461405900,42.6715315,16.9202289
1460742600,42.6719301,16.9202794
1460617680,42.6715305,16.9202287
1460603880,42.6714729,16.9202102
1460570220,42.6715038,16.920225
1460484960,42.6714438,16.9202549
1460484900,42.6714436,16.9202804
1460484780,42.6714432,16.9202746
1460484720,42.6714724,16.92021
1459936800,42.6710909,16.9195816
1434116760,46.6325847,24.79235995
1433891820,46.63259113,24.79236656
1432077660,39.13776783,21.64750798
1432063260,39.13776795,21.64772924
1431974220,39.13776645,21.64750856
1431632160,39.13774379,21.64741986
1430172180,39.13766492,21.64755763
1428405780,-0.14981135,51.50328037
1463989800,44.2139416,15.383977
1463941980,44.2205372,15.3835946
1463941920,44.2204211,15.3834669
1463941740,44.2204273,15.3834942
1463941680,44.220411,15.3834988
1463941440,44.2204948,15.3836026
1463941380,44.2204948,15.3836026
1463941320,44.2204481,15.3834869
1463941320,44.2204481,15.3834869
1463941320,44.2204481,15.3834869
1463940300,44.220404,15.3835063
1463940300,44.2204523,15.3835315
1463940240,44.2204523,15.3835315
1463940240,44.2203824,15.3833962
1463940240,44.2205039,15.3835481
1463940180,44.2203848,15.3835012
1463939760,44.2205054,15.3836084
1463939760,44.2205054,15.3836084
1463939760,44.2204168,15.3834976
1463939700,44.2204161,15.3834902
1463939700,44.2203969,15.3834583
1463939700,44.2203969,15.3834583
1463939640,44.2202706,15.3832996
1463939640,44.2204829,15.3835245
1463916660,44.2200313,15.3828879
1463253600,44.2203795,15.3834588
1464127920,44.9453662,12.9687322
1464127800,44.9453665,12.9687328
1464093300,44.9453686,12.9687335
1464093180,44.9453675,12.968733
1464093000,44.9453686,12.9687335
1463754600,44.9453665,12.9687327
1463599020,44.9453662,12.9687322
1463597760,44.9453675,12.968733
1463498220,44.9453663,12.9687328
1463405460,44.9453675,12.968733
1463316900,44.9453666,12.9687328
1463316780,44.9453664,12.9687328
1463261400,44.9453664,12.9687331
1463162040,44.9453664,12.968733
1463161800,44.9402027,12.9767186
1463161440,44.9453666,12.9687327
1463069880,44.945368,12.9687343
1463069640,44.9453686,12.9687335
1463055900,44.9453685,12.9687325
1463003520,44.9453665,12.9687328
1462893240,44.9453679,12.968734
1462892940,44.9453664,12.9687328
1462892340,44.9453664,12.9687328
1462891980,44.9453664,12.9687328
1462890540,44.9453685,12.9687325
1462889760,44.9453664,12.9687328
1462889400,44.9453665,12.9687328
1462889280,44.9453664,12.9687328
1462889160,44.9453686,12.9687335
1462887600,44.9453675,12.968733
1462838520,44.9453675,12.968733
1462829880,44.9453675,12.968733
1462815540,44.9453668,12.9687327
1462814640,44.9453664,12.9687328
1462814520,44.9453664,12.9687328
1462814160,44.9453664,12.9687328
1462813980,44.9453664,12.9687328
1462755600,44.9453675,12.968733
1462755420,44.9453675,12.968733
1462745580,44.9453664,12.9687328
1462727700,44.9453686,12.9687335
1462651080,44.9453675,12.968733
1462650960,44.9453662,12.9687322
1462644300,44.9453675,12.968733
1462196160,44.9453665,12.9687328
1462189620,44.9453675,12.968733
1462120800,44.9453665,12.9687328
1462118820,44.9453662,12.9687322
1462102980,44.9453664,12.9687328
1462102380,44.9453666,12.9687328
1462029180,44.9453666,12.9687328
1462028220,44.9453665,12.9687328
1462027860,44.9453675,12.968733
1461958440,44.9453686,12.9687332
1461945840,44.9453666,12.9687327
1461945480,44.9453666,12.9687327
1461844080,44.9453675,12.968733
1461785760,44.9453664,12.9687328
1458953040,44.9453624,12.9687386
1464196980,44.179294,15.338442
1464120780,44.17928739,15.3384413
1464111900,44.17942266,15.33854049
1464111780,44.17993917,15.33860868
1463587980,44.17928613,15.33844045
1461588120,36.575089,28.4226869
1461587280,36.5716127,28.4181981
1461586680,36.5683187,28.418817
1460315520,36.574919,28.417554
1460120700,36.5682684,28.4188893
1460120580,36.5682684,28.4188893
1457220420,36.5734063,28.4203274
1455592560,36.5737051,28.4205932
1454793660,36.5751368,28.4170796
1452149400,36.5661342,28.4159104
1452136980,36.5744618,28.4172893
1450319940,40.1989568,29.9078387
1449799140,36.5799519,28.4181312
1449773700,36.568776,28.4191157
1448400660,36.5925182,28.4133111
1447750260,36.5747437,28.4174439
1447084980,36.575676,28.4174555
1447084860,36.575676,28.4174555
1447083840,36.5750182,28.4174261
1446744900,36.5695691,28.4192098
1461421980,46.558001,14.3135058
1462777020,48.3320953,15.7991365
1462504140,48.332096,15.799157
1462862160,44.2357207,15.3778923
1462860420,44.2356908,15.3779834
1462824420,44.2356496,15.3780291
1462308840,44.235625,15.3780904
1462282080,44.2355858,15.3781134
1462130820,44.2356407,15.3781074
1461800880,44.01425379,13.58036694
1463293200,40.4158,21.2703
1463244360,40.4158,21.2703
1463242860,40.4158,21.2703
1463159040,40.4158,21.2703
1463126220,40.4158,21.2703
1462917480,40.4158,21.2703
1462830720,40.4158,21.2703
1462663020,40.4158,21.2703
1462319640,40.836429,20.7367796
1443079800,40.55260855,21.4805798
1441359060,16.3731,48.2083
1441226220,16.41694444,48.23472222
1440788700,13.64947147,47.56286937
1440788640,13.64947147,47.56286937
1440788580,13.64947147,47.56286937
1440788280,13.64947147,47.56286937
1440706800,12.8385897,47.3227005
1440706680,12.79686125,47.32359489
1440685020,12.739029,47.25948925
1440539160,12.75795588,47.27090766
1440539040,12.7477755,47.2662646
1440505080,12.17138889,47.19805556
1440445080,12.7490997,47.2673988
1440445020,12.7557297,47.27248
1440444900,12.75681643,47.27056819
1440444840,12.7509298,47.2669907
1440443700,12.8458204,47.4279213
1440443460,11.55232503,48.17436538
1439824560,39.25468273,21.44927299
1439755500,40.42212904,21.22742093
1429131420,40.54416667,21.48305556
1462664820,42.50784535,18.23526184
1460892240,42.5605779,18.24845619
1444333200,42.06477393,18.91039938
1461345060,42.62179502,20.02120493
1461784200,42.59261992,18.23046438
1429340520,46.6907494,24.74983148
1428467700,42.56029973,18.22440989
1463263500,39.894883,21.45513156
1460293680,39.89488287,21.45514616
1462562940,42.1790661,18.9226281
1462851000,45.034369,12.7713842
1461735360,45.0345448,12.7718231
1460063580,45.0357732,12.7726913
1459855500,45.0343323,12.7713438
1452108240,45.0342303,12.7713555
1439359080,43.10210473,18.08285121
1438992720,43.08591094,18.08333872
1438897140,43.08596357,18.08314071
1438194300,43.08359766,18.07934556
1437745860,43.08586635,18.08334979
1463862840,44.179733,15.3593151
1463701680,44.1777219,15.3581084
1463583540,44.1804099,15.3518909
1463503860,44.1812086,15.3581862
1463170440,44.1788179,15.3598535
1462839960,44.1788498,15.3594681
1462838760,44.1789851,15.3590415
1462058400,44.1797165,15.3592928
1461966180,44.178848,15.3593943
1461441900,44.1787876,15.3596137
1460061420,44.1812363,15.3581636
1459717500,44.1812393,15.3581453
1459715520,44.1812393,15.3581453
1454887260,44.1919428,15.3499382
1454532000,44.1922364,15.350499
1454449860,44.1940168,15.3506274
1454445300,44.1922315,15.3504801
1451233380,44.1820697,15.3458651
1450111500,44.1828543,15.3460231
1449869640,44.1922839,15.3506467
1447878840,44.1922659,15.3505754
1445009040,44.1829364,15.3581774
1445008380,44.1829364,15.3581774
1444938600,44.1922786,15.3504864
1444410000,44.1885105,15.3516922
1443970260,44.1821053,15.3459828
1443970140,44.1821053,15.3459828
1443969300,44.1820783,15.3459307
1463763900,44.9796748,12.8826593
1435783020,42.54805301,16.92886398
1462056360,44.230056,17.570141
1456852440,44.226812,17.570859
1461355620,44.141633,13.2105275
1461232620,44.1642035,13.2205432
1461100680,44.1417296,13.2105018
1461097020,44.1417296,13.2105018
1461007980,44.1417296,13.2105018
1460125080,44.1498964,13.1801991
1429035960,39.2265146,21.46002808
1429891320,44.22564628,17.56723612
1430079600,50.03057303,26.51762556
1429926180,50.03061569,26.51759912
1429717200,50.03066665,26.5176629
1429698720,50.03044416,26.51759509
1429546920,50.03052995,26.51762045
1429351020,50.03057093,26.51769132
1428782640,50.03075777,26.51760708
1428769140,50.03043933,26.51750958
1428741780,50.03045171,26.5175531
1428106260,50.03046306,26.51746702
1427976000,50.03059206,26.51768256
1427866680,50.03054361,26.51760297
1461650160,42.0997909,18.6178797
1459938420,47.2825458,24.1245828
1454830620,47.276716,24.1217759
1454225460,47.2789899,24.1200461
1453030380,47.2376699,24.1645395
1452584100,47.281115,24.1210627
1451724720,47.2599715,24.1657343
1461758460,47.1055647,17.4880146
1439222880,39.12886881,21.74277515
1437863520,40.50221812,21.43925871
1461753720,44.1859454,15.35167628
1461753660,44.18590158,15.35170696
1461753600,44.1855574,15.35158435
1461141360,44.18577703,15.3517241
1461933240,48.6377934,15.9211808
1460189280,48.637794,15.9211808
1455658020,48.6377935,15.9211814
1461410160,41.2553049,19.4431041
1457007960,41.2553401,19.4432869
1456896360,41.2554152,19.4428911
1429713480,39.3723888,21.4648905
1429277100,39.3646217,21.4564239
1429120680,39.3638403,21.4549435
1428799440,39.3645446,21.4563035
1463738580,41.614912,19.1465219
1462053060,36.58474,28.4149505
1461677820,36.55798322,28.3947741
1461364080,42.8203957,16.9609788
1458658980,36.75190283,28.39713718
1456308000,45.3246014,26.8968145
1456252920,46.67610159,24.71153226
1456130160,39.39722206,21.42775463
1456003020,47.64518495,29.47747748
1455991920,47.73110485,29.96396396
1437914700,40.96900615,30.97847927
1435897500,48.85417704,26.02383673
1464028620,42.6157276,17.2252416
1463605800,42.6722995,17.1150768
1463950140,47.77360973,29.32710813
1463867520,47.66707272,29.3515536
1463689920,46.7413937,28.0030006
1462221060,47.76632799,29.3348177
1462175940,48.08894235,29.31662436
1452874140,46.7413937,28.0030006
1434578520,47.75664121,29.3601462
1461562800,41.46365385,18.77435886
1458541020,41.46366883,18.77435232
1449510600,41.46346248,18.77429735
1444864620,41.46434954,18.77475349
1440293640,41.46420708,18.77440207
1439531820,41.46954202,18.77337488
1462524180,46.836623,14.5086823
1456864260,46.8362676,14.5083845
1462895580,49.1374966,14.5288446
1460493300,31.2430601,30.0530671
1460493240,31.2430854,30.05309
1446317820,48.1871537,15.5957843
1444758720,48.1942426,15.6117436
1428865200,48.1988651,15.5886448
1461637680,42.48564866,18.23760801
1458618540,42.48560022,18.23761273
1453951800,42.4802352,18.23644719
1453379220,42.48554686,18.23754845
1437069720,42.48565342,18.23751584
1432729260,42.48354614,18.24264018
1463558880,42.56477029,16.896404
1463008860,41.6969,27.5164
1461530520,46.7728,24.6408
1455963540,43.48648628,25.8608636
1454531820,46.7728,24.6408
1451581980,46.6626155,24.7307641
1450203660,55.35415345,25.29019532
1449236580,43.48478582,25.87766795
1441186140,46.76666667,24.65
1453354560,42.66562522,18.28315329
1444381080,42.62086182,18.24184868
1444380840,42.6296661,18.23215288
1444260360,42.62998788,18.23214831
1444252140,42.62068081,18.24204497
1444251960,42.62191096,18.24063569
1444251000,42.62980291,18.23219153
1443991380,42.62967959,18.23189312
1443889860,42.62998846,18.23238045
1443886620,42.6296112,18.2316465
1443886380,42.62337334,18.24098351
1440015240,42.62978117,18.23204828
1440922560,42.23164013,17.72361495
1433039580,42.2361088,17.72461125
1462520640,41.4220348,19.2781126
1460303340,41.6304079,19.4724923
1459863420,41.5202529,19.2075118
1456548420,41.6290137,19.4710116
1451763660,41.6312329,19.4714018
1446913980,41.6315527,19.4700891
1441122900,41.6299877,19.4697278
1438896660,41.6313524,19.470239
1437176460,41.6299874,19.4697262
1462253220,42.024347,17.719597
1459680240,49.88444573,26.72385889
1451328060,41.3529743,18.66390128
1431293520,41.3531812,18.66390752
1463232240,38.0867385,24.0978923
1462469820,41.7544641,22.4382407
1456998780,44.5806397,25.1668153
1451648580,38.0869542,24.0978504
1446030540,38.0869624,24.0978344
1445967240,38.0865968,24.0980231
1461741180,41.36036405,18.97370262
1463951100,42.79423908,18.22862824
1463925360,43.7996984,13.7620455
1462713120,48.775906,15.9525275
1448963580,48.7764443,15.9486235
1446544980,48.7761533,15.9531538
1463455440,39.10947365,21.57745151
1428797400,44.1999757,17.5294699
1462179420,42.2541473,18.64117433
1461660660,50.4794676,15.0370852
1461525600,50.4795824,15.0372065
1461518040,50.470947,15.0419035
1461504480,50.4764381,15.0430721
1461497460,50.476818,15.0353061
1448264340,42.55999372,18.24779822
1439768940,42.72227085,18.32355347
1462307040,43.13973495,17.33664515
1460172720,43.1,17.2667
1458218640,43.13973495,17.33664515
1458112740,43.1,17.2667
1457830800,43.13973495,17.33664515
1456804020,43.13973495,17.33664515
1455921780,43.10045758,17.25582798
1455674700,43.10045759,17.25582798
1455491160,43.13973495,17.33664515
1455408480,43.13973495,17.33664515
1453510080,43.10045759,17.25582798
1449271560,43.13973495,17.33664515
1447943460,42.54317164,16.87853713
1447798140,43.1,17.2667
1443834780,43.10045759,17.25582798
1462066620,42.7001633,18.3125911
1461680340,46.6428941,29.08322878
1428940620,47.6676984,29.33163834
1438177920,47.1143104,17.49486216
1445951040,44.1864485,15.3510933
1450724580,39.20328091,21.55194894
1462562100,44.1819449,13.9653717
1462561920,44.1819337,13.9653696
1462561680,44.1819298,13.9653558
1462473120,44.1819262,13.9653691
1461604260,42.561837,18.2095412
1443367560,39.2097356,21.5347449
